# File generated by CMD 2.8 (http://stev.oapd.inaf.it/cmd) on Thu Oct 13 23:03:24 CEST 2016
# PARSEC isochrones, release v1.2S
# Basic references: Bressan et al. (2012), MNRAS, 427, 127 + Chen et al. (2014, 2015), MNRAS, 444, 2525 + MNRAS, 452, 1068 + Tang et al. (2014), MNRAS, 445, 4287
# Warning: you choose not to include the TP-AGB phase!
# Photometric system: HST/ACS WFC
# Using NBC version of bolometric corrections as in Chen et al. (2014), MNRAS, 444, 2525
# BCs of Carbon stars derive from Aringer et al. (2009, A&A 503, 913)
# O-rich circumstellar dust ignored
# C-rich circumstellar dust ignored
# IMF: Chabrier (2001) lognormal 
# On RGB, assumed Reimers mass loss with efficiency eta=0.2
# Kind of output: isochrone tables
#	Isochrone  Z = 0.00692	Y = 0.26098	[M/H] = -0.341	eta_R = 0.200	Age = 	1.3000e+10 yr
#      Z	log(age/yr)	M_ini   	M_act	logL/Lo	logTe	logG	mbol    F435W   F475W   F502N   F550M   F555W   F606W   F625W   F658N   F660N   F775W   F814W   F850LP	int_IMF	stage
	0.006918	10.1139	0.09000000	0.0900	-3.3551	3.3926	5.2699	13.158	20.973	19.664	20.281	18.562	18.858	17.736	17.426	16.350	16.412	14.037	13.498	12.566	1.46765435	1
	0.006918	10.1139	0.10000000	0.1000	-3.1510	3.4224	5.2307	12.647	19.209	18.106	18.606	16.964	17.281	16.317	15.995	14.996	15.058	13.148	12.710	11.921	1.57040203	1
	0.006918	10.1139	0.12000000	0.1200	-2.8871	3.4544	5.1738	11.988	17.341	16.426	16.856	15.271	15.604	14.795	14.472	13.541	13.603	12.126	11.783	11.132	1.74782515	1
	0.006918	10.1139	0.12080408	0.1208	-2.8791	3.4552	5.1721	11.968	17.291	16.380	16.807	15.224	15.557	14.752	14.429	13.501	13.563	12.097	11.757	11.109	1.75429022	1
	0.006918	10.1139	0.14000000	0.1400	-2.7019	3.4740	5.1341	11.525	16.231	15.405	15.766	14.235	14.575	13.843	13.517	12.661	12.723	11.482	11.188	10.612	1.89584959	1
	0.006918	10.1139	0.16000000	0.1600	-2.5582	3.4874	5.1020	11.165	15.467	14.691	14.982	13.514	13.854	13.166	12.836	12.047	12.110	11.014	10.751	10.224	2.02115250	1
	0.006918	10.1139	0.20000000	0.2000	-2.3343	3.5055	5.0473	10.606	14.442	13.725	13.932	12.556	12.888	12.251	11.917	11.215	11.279	10.339	10.111	9.638	2.22178221	1
	0.006918	10.1139	0.25000000	0.2500	-2.1203	3.5201	4.9888	10.071	13.584	12.903	13.038	11.754	12.074	11.466	11.131	10.500	10.565	9.728	9.524	9.091	2.40809011	1
	0.006918	10.1139	0.30000001	0.3000	-1.9555	3.5302	4.9435	9.659	12.983	12.328	12.436	11.198	11.510	10.920	10.585	9.991	10.057	9.275	9.084	8.674	2.54750419	1
	0.006918	10.1139	0.37474385	0.3747	-1.7387	3.5444	4.8801	9.117	12.206	11.581	11.657	10.479	10.780	10.209	9.875	9.332	9.399	8.685	8.511	8.130	2.70029068	1
	0.006918	10.1139	0.42474383	0.4247	-1.5807	3.5572	4.8275	8.722	11.621	11.018	11.060	9.938	10.229	9.672	9.338	8.840	8.908	8.253	8.093	7.738	2.77756262	1
	0.006918	10.1139	0.47474384	0.4747	-1.4083	3.5741	4.7710	8.291	10.962	10.382	10.372	9.331	9.609	9.067	8.733	8.291	8.361	7.779	7.638	7.316	2.84073496	1
	0.006918	10.1139	0.52474385	0.5247	-1.2164	3.5964	4.7121	7.811	10.210	9.662	9.607	8.657	8.919	8.400	8.071	7.685	7.759	7.258	7.138	6.853	2.89335847	1
	0.006918	10.1139	0.57474387	0.5747	-1.0151	3.6252	4.6655	7.308	9.361	8.865	8.799	7.940	8.184	7.710	7.395	7.054	7.131	6.720	6.620	6.376	2.93761849	1
	0.006918	10.1139	0.62474388	0.6246	-0.8155	3.6591	4.6374	6.809	8.399	7.972	7.890	7.183	7.393	6.999	6.718	6.420	6.496	6.186	6.108	5.909	2.97535491	1
	0.006918	10.1139	0.64088541	0.6407	-0.7508	3.6700	4.6273	6.647	8.103	7.692	7.594	6.950	7.146	6.779	6.513	6.227	6.301	6.015	5.942	5.755	2.98637795	1
	0.006918	10.1139	0.67474383	0.6746	-0.6181	3.6920	4.6053	6.315	7.540	7.157	7.022	6.501	6.670	6.354	6.117	5.850	5.919	5.670	5.606	5.441	3.00784063	1
	0.006918	10.1139	0.68316573	0.6830	-0.5851	3.6971	4.5980	6.233	7.409	7.034	6.892	6.397	6.559	6.254	6.023	5.760	5.828	5.586	5.524	5.364	3.01285863	1
	0.006918	10.1139	0.69587088	0.6957	-0.5350	3.7047	4.5863	6.107	7.217	6.852	6.702	6.241	6.394	6.105	5.883	5.626	5.692	5.461	5.402	5.248	3.02020597	1
	0.006918	10.1139	0.70798385	0.7077	-0.4870	3.7119	4.5743	5.987	7.037	6.683	6.526	6.096	6.241	5.965	5.751	5.499	5.564	5.342	5.285	5.138	3.02697253	1
	0.006918	10.1139	0.71951878	0.7193	-0.4409	3.7186	4.5621	5.872	6.869	6.526	6.365	5.960	6.097	5.833	5.627	5.379	5.442	5.229	5.175	5.033	3.03321075	1
	0.006918	10.1139	0.72474384	0.7245	-0.4200	3.7215	4.5562	5.820	6.795	6.456	6.293	5.899	6.033	5.773	5.571	5.326	5.388	5.178	5.125	4.985	3.03597307	1
	0.006918	10.1139	0.72532982	0.7251	-0.4177	3.7219	4.5555	5.814	6.787	6.448	6.286	5.892	6.026	5.767	5.564	5.320	5.382	5.172	5.119	4.980	3.03628063	1
	0.006918	10.1139	0.73554206	0.7352	-0.3760	3.7273	4.5417	5.710	6.643	6.313	6.149	5.774	5.903	5.652	5.454	5.214	5.274	5.071	5.020	4.885	3.04156137	1
	0.006918	10.1139	0.74513835	0.7448	-0.3365	3.7323	4.5277	5.611	6.509	6.187	6.023	5.663	5.787	5.543	5.351	5.114	5.174	4.976	4.926	4.796	3.04639578	1
	0.006918	10.1139	0.75822854	0.7579	-0.2817	3.7389	4.5069	5.474	6.327	6.017	5.852	5.510	5.630	5.396	5.209	4.978	5.036	4.845	4.797	4.673	3.05279899	1
	0.006918	10.1139	0.77119291	0.7708	-0.2264	3.7451	4.4839	5.336	6.148	5.849	5.686	5.360	5.475	5.249	5.068	4.842	4.898	4.714	4.668	4.548	3.05893278	1
	0.006918	10.1139	0.77474385	0.7743	-0.2108	3.7468	4.4770	5.297	6.099	5.803	5.640	5.319	5.431	5.208	5.028	4.803	4.859	4.677	4.631	4.513	3.06057811	1
	0.006918	10.1139	0.78099698	0.7806	-0.1833	3.7494	4.4635	5.228	6.013	5.722	5.560	5.245	5.356	5.136	4.959	4.736	4.791	4.611	4.566	4.450	3.06344008	1
	0.006918	10.1139	0.78991193	0.7894	-0.1430	3.7531	4.4426	5.128	5.891	5.606	5.446	5.139	5.247	5.032	4.857	4.637	4.691	4.515	4.471	4.357	3.06744456	1
	0.006918	10.1139	0.79850549	0.7980	-0.1030	3.7564	4.4207	5.028	5.772	5.493	5.334	5.034	5.140	4.928	4.757	4.539	4.593	4.419	4.376	4.265	3.07122207	1
	0.006918	10.1139	0.80665517	0.8061	-0.0637	3.7594	4.3978	4.929	5.656	5.383	5.225	4.931	5.036	4.827	4.659	4.443	4.496	4.325	4.283	4.174	3.07472873	1
	0.006918	10.1139	0.81785196	0.8173	-0.0077	3.7632	4.3628	4.789	5.494	5.228	5.073	4.786	4.888	4.685	4.519	4.307	4.358	4.191	4.150	4.044	3.07942986	1
	0.006918	10.1139	0.82474387	0.8241	0.0272	3.7652	4.3395	4.702	5.395	5.133	4.979	4.696	4.797	4.596	4.432	4.221	4.272	4.107	4.067	3.962	3.08225846	1
	0.006918	10.1139	0.83310890	0.8324	0.0709	3.7670	4.3073	4.593	5.275	5.016	4.864	4.585	4.684	4.485	4.323	4.114	4.165	4.001	3.962	3.858	3.08562732	1
	0.006918	10.1139	0.84051436	0.8398	0.1123	3.7683	4.2750	4.489	5.163	4.907	4.756	4.480	4.578	4.381	4.220	4.013	4.063	3.901	3.861	3.759	3.08855247	1
	0.006918	10.1139	0.84189850	0.8411	0.1202	3.7685	4.2686	4.470	5.142	4.887	4.735	4.460	4.558	4.361	4.201	3.993	4.043	3.881	3.842	3.740	3.08909321	1
	0.006918	10.1139	0.85025793	0.8494	0.1704	3.7689	4.2243	4.344	5.013	4.758	4.608	4.334	4.431	4.236	4.076	3.869	3.918	3.757	3.718	3.616	3.09232140	1
	0.006918	10.1139	0.85919726	0.8583	0.2283	3.7676	4.1659	4.199	4.873	4.618	4.466	4.191	4.289	4.092	3.932	3.724	3.774	3.612	3.573	3.470	3.09570241	1
	0.006918	10.1139	0.86309242	0.8621	0.2548	3.7663	4.1361	4.133	4.813	4.555	4.404	4.126	4.225	4.027	3.866	3.657	3.707	3.544	3.504	3.401	3.09715319	2
	0.006918	10.1139	0.86653662	0.8655	0.2796	3.7641	4.1041	4.071	4.762	4.501	4.348	4.068	4.167	3.967	3.804	3.594	3.645	3.480	3.439	3.334	3.09842491	2
	0.006918	10.1139	0.87236071	0.8713	0.3220	3.7570	4.0361	3.965	4.695	4.422	4.265	3.972	4.076	3.868	3.700	3.484	3.537	3.365	3.322	3.212	3.10055184	2
	0.006918	10.1139	0.87474382	0.8736	0.3380	3.7510	3.9971	3.925	4.689	4.406	4.246	3.942	4.049	3.835	3.662	3.441	3.495	3.318	3.274	3.158	3.10141373	2
	0.006918	10.1139	0.87586552	0.8747	0.3456	3.7481	3.9785	3.906	4.687	4.399	4.238	3.929	4.037	3.820	3.645	3.421	3.476	3.296	3.251	3.133	3.10181761	2
	0.006918	10.1139	0.87815434	0.8769	0.3591	3.7379	3.9256	3.872	4.716	4.410	4.245	3.915	4.029	3.800	3.617	3.386	3.444	3.253	3.204	3.079	3.10263896	2
	0.006918	10.1139	0.88009346	0.8788	0.3753	3.7264	3.8641	3.832	4.753	4.427	4.260	3.902	4.025	3.781	3.589	3.349	3.410	3.206	3.153	3.018	3.10333109	2
	0.006918	10.1139	0.88155538	0.8803	0.4015	3.7175	3.8032	3.766	4.750	4.410	4.241	3.861	3.990	3.735	3.535	3.290	3.352	3.137	3.082	2.939	3.10385108	2
	0.006918	10.1139	0.88272011	0.8814	0.4377	3.7118	3.7448	3.676	4.701	4.352	4.183	3.789	3.922	3.659	3.454	3.205	3.268	3.046	2.990	2.842	3.10426378	2
	0.006918	10.1139	0.88330925	0.8820	0.4604	3.7094	3.7128	3.619	4.662	4.309	4.140	3.740	3.875	3.608	3.402	3.150	3.214	2.990	2.932	2.782	3.10447240	3
	0.006918	10.1139	0.88395858	0.8826	0.4905	3.7073	3.6745	3.544	4.604	4.247	4.078	3.672	3.809	3.539	3.331	3.078	3.142	2.915	2.856	2.704	3.10470176	3
	0.006918	10.1139	0.88490653	0.8835	0.5403	3.7048	3.6151	3.419	4.498	4.137	3.968	3.557	3.695	3.422	3.212	2.958	3.022	2.791	2.732	2.578	3.10503602	3
	0.006918	10.1139	0.88577271	0.8844	0.5920	3.7029	3.5564	3.290	4.383	4.019	3.849	3.434	3.573	3.298	3.087	2.832	2.896	2.663	2.603	2.447	3.10534072	3
	0.006918	10.1139	0.88641113	0.8850	0.6337	3.7017	3.5101	3.186	4.288	3.922	3.751	3.334	3.474	3.197	2.985	2.730	2.794	2.559	2.498	2.341	3.10556507	3
	0.006918	10.1139	0.88703030	0.8855	0.6774	3.7006	3.4624	3.077	4.187	3.819	3.647	3.229	3.369	3.091	2.878	2.622	2.687	2.451	2.389	2.231	3.10578227	3
	0.006918	10.1139	0.88761806	0.8861	0.7220	3.6996	3.4138	2.965	4.084	3.714	3.542	3.122	3.262	2.983	2.769	2.513	2.577	2.340	2.278	2.119	3.10598803	3
	0.006918	10.1139	0.88817561	0.8866	0.7676	3.6984	3.3639	2.851	3.980	3.608	3.435	3.012	3.153	2.873	2.658	2.401	2.466	2.226	2.164	2.004	3.10618305	3
	0.006918	10.1139	0.88865548	0.8870	0.8101	3.6974	3.3173	2.745	3.883	3.509	3.335	2.910	3.052	2.770	2.555	2.298	2.362	2.121	2.058	1.897	3.10635066	3
	0.006918	10.1139	0.88910705	0.8874	0.8533	3.6962	3.2698	2.637	3.786	3.408	3.234	2.807	2.949	2.666	2.450	2.192	2.257	2.013	1.950	1.788	3.10650849	3
	0.006918	10.1139	0.88949943	0.8878	0.8937	3.6952	3.2253	2.536	3.695	3.315	3.140	2.710	2.853	2.568	2.351	2.094	2.158	1.913	1.849	1.686	3.10664511	3
	0.006918	10.1139	0.88987768	0.8881	0.9357	3.6939	3.1785	2.431	3.601	3.219	3.043	2.610	2.754	2.467	2.249	1.991	2.056	1.809	1.744	1.580	3.10677695	3
	0.006918	10.1139	0.89023465	0.8884	0.9783	3.6926	3.1307	2.324	3.508	3.122	2.945	2.509	2.654	2.365	2.146	1.888	1.952	1.703	1.638	1.472	3.10690117	3
	0.006918	10.1139	0.89054781	0.8887	1.0190	3.6913	3.0849	2.223	3.419	3.029	2.851	2.413	2.558	2.268	2.048	1.789	1.854	1.601	1.536	1.369	3.10701013	3
	0.006918	10.1139	0.89083827	0.8889	1.0599	3.6899	3.0385	2.120	3.330	2.937	2.757	2.316	2.463	2.170	1.949	1.690	1.754	1.500	1.434	1.265	3.10711098	3
	0.006918	10.1139	0.89117104	0.8891	1.1109	3.6880	2.9802	1.993	3.221	2.824	2.643	2.197	2.345	2.050	1.827	1.567	1.632	1.374	1.307	1.136	3.10722661	3
	0.006918	10.1139	0.89141506	0.8893	1.1517	3.6865	2.9333	1.891	3.134	2.733	2.552	2.102	2.251	1.953	1.729	1.468	1.533	1.273	1.206	1.033	3.10731125	3
	0.006918	10.1139	0.89170140	0.8895	1.2039	3.6844	2.8729	1.760	3.023	2.618	2.436	1.981	2.131	1.830	1.604	1.342	1.407	1.144	1.076	0.901	3.10741067	3
	0.006918	10.1139	0.89195466	0.8896	1.2549	3.6822	2.8133	1.633	2.916	2.507	2.323	1.863	2.015	1.711	1.483	1.220	1.285	1.018	0.949	0.772	3.10749841	3
	0.006918	10.1139	0.89217782	0.8897	1.3039	3.6801	2.7558	1.510	2.814	2.400	2.215	1.750	1.903	1.596	1.366	1.102	1.168	0.897	0.828	0.648	3.10757589	3
	0.006918	10.1139	0.89238888	0.8898	1.3546	3.6778	2.6958	1.384	2.710	2.291	2.106	1.635	1.790	1.478	1.247	0.981	1.047	0.773	0.702	0.521	3.10764885	3
	0.006918	10.1139	0.89257008	0.8899	1.4019	3.6755	2.6396	1.265	2.614	2.191	2.005	1.528	1.684	1.369	1.136	0.869	0.935	0.657	0.586	0.402	3.10771155	3
	0.006918	10.1139	0.89274019	0.8899	1.4498	3.6732	2.5824	1.146	2.518	2.090	1.903	1.419	1.578	1.259	1.023	0.756	0.822	0.540	0.467	0.281	3.10777044	3
	0.006918	10.1139	0.89289856	0.8899	1.4970	3.6708	2.5256	1.028	2.424	1.991	1.802	1.313	1.474	1.151	0.913	0.644	0.710	0.425	0.351	0.162	3.10782528	3
	0.006918	10.1139	0.89305228	0.8898	1.5427	3.6685	2.4705	0.913	2.337	1.897	1.708	1.211	1.374	1.047	0.806	0.536	0.602	0.313	0.238	0.047	3.10787845	3
	0.006918	10.1139	0.89327055	0.8897	1.5866	3.6663	2.4179	0.803	2.255	1.808	1.616	1.112	1.277	0.946	0.703	0.432	0.498	0.205	0.129	-0.065	3.10795379	3
	0.006918	10.1139	0.89346278	0.8896	1.5378	3.6698	2.4807	0.925	2.334	1.897	1.707	1.216	1.377	1.053	0.814	0.544	0.610	0.323	0.249	0.060	3.10802031	3
	0.006918	10.1139	0.89359456	0.8895	1.5900	3.6669	2.4169	0.795	2.240	1.794	1.602	1.100	1.265	0.935	0.693	0.421	0.488	0.196	0.120	-0.073	3.10806561	3
	0.006918	10.1139	0.89370435	0.8894	1.6359	3.6644	2.3608	0.680	2.157	1.704	1.509	0.999	1.166	0.831	0.586	0.313	0.381	0.083	0.007	-0.189	3.10810351	3
	0.006918	10.1139	0.89380920	0.8893	1.6827	3.6617	2.3031	0.563	2.074	1.612	1.415	0.897	1.066	0.726	0.478	0.204	0.271	-0.031	-0.109	-0.308	3.10813975	3
	0.006918	10.1139	0.89390486	0.8892	1.7288	3.6590	2.2463	0.448	1.994	1.524	1.324	0.796	0.969	0.623	0.372	0.096	0.165	-0.143	-0.223	-0.424	3.10817289	3
	0.006918	10.1139	0.89399087	0.8890	1.7735	3.6563	2.1907	0.336	1.918	1.440	1.238	0.701	0.877	0.525	0.271	-0.007	0.062	-0.252	-0.332	-0.536	3.10820246	3
	0.006918	10.1139	0.89406937	0.8888	1.8177	3.6536	2.1356	0.226	1.844	1.357	1.153	0.606	0.785	0.428	0.170	-0.109	-0.039	-0.359	-0.440	-0.647	3.10822964	3
	0.006918	10.1139	0.89414281	0.8886	1.8626	3.6508	2.0795	0.113	1.769	1.274	1.067	0.511	0.693	0.329	0.069	-0.212	-0.141	-0.467	-0.550	-0.760	3.10825491	3
	0.006918	10.1139	0.89420915	0.8883	1.9065	3.6481	2.0244	0.004	1.698	1.195	0.986	0.419	0.604	0.235	-0.029	-0.311	-0.240	-0.572	-0.656	-0.870	3.10827780	3
	0.006918	10.1139	0.89427090	0.8880	1.9507	3.6452	1.9687	-0.107	1.630	1.118	0.909	0.327	0.517	0.140	-0.127	-0.411	-0.339	-0.678	-0.764	-0.980	3.10829902	3
	0.006918	10.1139	0.89432704	0.8877	1.9938	3.6424	1.9142	-0.214	1.566	1.044	0.834	0.238	0.432	0.048	-0.222	-0.509	-0.436	-0.781	-0.868	-1.088	3.10831833	3
	0.006918	10.1139	0.89437854	0.8873	2.0369	3.6396	1.8596	-0.322	1.502	0.971	0.760	0.150	0.348	-0.043	-0.317	-0.606	-0.533	-0.884	-0.973	-1.196	3.10833621	3
	0.006918	10.1139	0.89442521	0.8869	2.0793	3.6367	1.8055	-0.428	1.443	0.903	0.692	0.065	0.268	-0.131	-0.409	-0.700	-0.626	-0.985	-1.075	-1.301	3.10835218	3
	0.006918	10.1139	0.89446831	0.8865	2.1215	3.6338	1.7515	-0.534	1.385	0.835	0.624	-0.019	0.188	-0.218	-0.500	-0.793	-0.719	-1.085	-1.176	-1.406	3.10836697	3
	0.006918	10.1139	0.89450860	0.8860	2.1643	3.6309	1.6967	-0.641	1.326	0.766	0.556	-0.104	0.108	-0.306	-0.592	-0.888	-0.813	-1.186	-1.279	-1.512	3.10838103	3
	0.006918	10.1139	0.89454466	0.8855	2.2057	3.6280	1.6436	-0.744	1.271	0.702	0.493	-0.184	0.031	-0.390	-0.680	-0.977	-0.902	-1.283	-1.378	-1.615	3.10839343	3
	0.006918	10.1139	0.89457881	0.8849	2.2478	3.6250	1.5893	-0.850	1.216	0.638	0.430	-0.265	-0.045	-0.474	-0.768	-1.067	-0.993	-1.381	-1.478	-1.719	3.10840511	3
	0.006918	10.1139	0.89460921	0.8843	2.2883	3.6221	1.5368	-0.951	1.165	0.578	0.372	-0.342	-0.117	-0.555	-0.852	-1.153	-1.079	-1.474	-1.574	-1.818	3.10841560	3
	0.006918	10.1139	0.89463788	0.8837	2.3292	3.6192	1.4837	-1.053	1.113	0.516	0.314	-0.420	-0.190	-0.635	-0.937	-1.240	-1.166	-1.569	-1.670	-1.918	3.10842562	3
	0.006918	10.1139	0.89466447	0.8829	2.3702	3.6161	1.4303	-1.155	1.064	0.459	0.260	-0.494	-0.260	-0.713	-1.018	-1.322	-1.250	-1.664	-1.766	-2.018	3.10843468	3
	0.006918	10.1139	0.89468849	0.8822	2.4100	3.6132	1.3783	-1.255	1.016	0.403	0.207	-0.567	-0.328	-0.788	-1.097	-1.402	-1.332	-1.755	-1.859	-2.115	3.10844302	3
	0.006918	10.1139	0.89471161	0.8813	2.4513	3.6101	1.3243	-1.358	0.967	0.345	0.153	-0.642	-0.398	-0.867	-1.179	-1.485	-1.416	-1.850	-1.955	-2.216	3.10845089	3
	0.006918	10.1139	0.89473194	0.8804	2.4904	3.6071	1.2728	-1.456	0.925	0.296	0.109	-0.708	-0.459	-0.935	-1.250	-1.555	-1.489	-1.938	-2.045	-2.310	3.10845780	3
	0.006918	10.1139	0.89475119	0.8794	2.5302	3.6041	1.2205	-1.555	0.881	0.244	0.063	-0.776	-0.523	-1.005	-1.323	-1.628	-1.565	-2.027	-2.137	-2.406	3.10846448	3
	0.006918	10.1139	0.89476895	0.8783	2.5693	3.6010	1.1684	-1.653	0.841	0.197	0.021	-0.841	-0.583	-1.072	-1.394	-1.699	-1.639	-2.114	-2.227	-2.500	3.10847068	3
	0.006918	10.1139	0.89478540	0.8772	2.6081	3.5979	1.1167	-1.750	0.803	0.151	-0.018	-0.902	-0.640	-1.134	-1.458	-1.761	-1.705	-2.200	-2.315	-2.593	3.10847640	3
	0.006918	10.1139	0.89480108	0.8759	2.6479	3.5948	1.0639	-1.850	0.765	0.106	-0.056	-0.963	-0.697	-1.196	-1.523	-1.823	-1.772	-2.287	-2.405	-2.688	3.10848165	3
	0.006918	10.1139	0.89481837	0.8742	2.6948	3.5909	1.0004	-1.967	0.724	0.057	-0.096	-1.033	-0.761	-1.267	-1.596	-1.894	-1.848	-2.389	-2.510	-2.800	3.10848761	3
	0.006918	10.1139	0.89483428	0.8723	2.7415	3.5870	0.9372	-2.084	0.696	0.013	-0.137	-1.096	-0.821	-1.332	-1.662	-1.955	-1.917	-2.490	-2.615	-2.913	3.10849309	3
	0.006918	10.1139	0.89484644	0.8707	2.7796	3.5838	0.8855	-2.179	0.674	-0.023	-0.171	-1.148	-0.870	-1.384	-1.717	-2.006	-1.973	-2.572	-2.701	-3.004	3.10849738	3
	0.006918	10.1139	0.89486039	0.8684	2.8263	3.5798	0.8215	-2.296	0.650	-0.065	-0.211	-1.210	-0.929	-1.450	-1.785	-2.070	-2.043	-2.672	-2.805	-3.116	3.10850215	3
	0.006918	10.1139	0.89487255	0.8661	2.8702	3.5757	0.7603	-2.406	0.635	-0.095	-0.235	-1.256	-0.972	-1.494	-1.828	-2.104	-2.086	-2.763	-2.901	-3.221	3.10850620	3
	0.006918	10.1139	0.89488417	0.8634	2.9152	3.5716	0.6976	-2.518	0.620	-0.127	-0.264	-1.307	-1.019	-1.544	-1.879	-2.145	-2.136	-2.856	-2.999	-3.328	3.10851026	3
	0.006918	10.1139	0.89489454	0.8605	2.9583	3.5676	0.6368	-2.626	0.610	-0.153	-0.283	-1.347	-1.055	-1.580	-1.913	-2.166	-2.167	-2.944	-3.092	-3.430	3.10851383	3
	0.006918	10.1139	0.89490455	0.8572	3.0024	3.5634	0.5743	-2.736	0.602	-0.177	-0.301	-1.383	-1.089	-1.608	-1.939	-2.170	-2.184	-3.033	-3.187	-3.534	3.10851741	3
	0.006918	10.1139	0.89491349	0.8537	3.0444	3.5592	0.5138	-2.841	0.599	-0.196	-0.314	-1.413	-1.117	-1.628	-1.956	-2.161	-2.188	-3.116	-3.276	-3.633	3.10852051	3
	0.006918	10.1139	0.89492184	0.8499	3.0860	3.5550	0.4533	-2.945	0.600	-0.202	-0.300	-1.417	-1.120	-1.616	-1.936	-2.116	-2.153	-3.192	-3.361	-3.732	3.10852337	3
	0.006918	10.1139	0.89492947	0.8457	3.1263	3.5508	0.3941	-3.046	0.604	-0.204	-0.280	-1.416	-1.118	-1.599	-1.911	-2.063	-2.111	-3.264	-3.442	-3.827	3.10852599	3
	0.006918	10.1139	0.89493662	0.8411	3.1664	3.5465	0.3344	-3.146	0.631	-0.180	-0.217	-1.382	-1.081	-1.545	-1.847	-1.985	-2.040	-3.324	-3.514	-3.918	3.10852838	3
	0.006918	10.1139	0.89494318	0.8361	3.2053	3.5422	0.2757	-3.243	0.665	-0.149	-0.144	-1.339	-1.036	-1.480	-1.769	-1.892	-1.954	-3.379	-3.582	-4.006	3.10853052	3
	0.006918	10.1139	0.89494962	0.8304	3.2451	3.5378	0.2153	-3.343	0.718	-0.097	-0.039	-1.271	-0.964	-1.392	-1.670	-1.793	-1.858	-3.426	-3.644	-4.092	3.10853291	3
	0.006918	10.1139	0.89495546	0.8243	3.2833	3.5334	0.1565	-3.438	0.786	-0.028	0.092	-1.181	-0.872	-1.287	-1.553	-1.693	-1.757	-3.462	-3.697	-4.171	3.10853481	3
	0.006918	10.1139	0.89496094	0.8176	3.3209	3.5291	0.0979	-3.532	0.872	0.059	0.242	-1.071	-0.759	-1.167	-1.423	-1.589	-1.647	-3.490	-3.743	-4.245	3.10853672	3
	0.006918	10.1139	0.89496708	0.8087	3.3639	3.5240	0.0300	-3.640	1.053	0.245	0.516	-0.840	-0.532	-0.966	-1.219	-1.472	-1.508	-3.485	-3.765	-4.312	3.10853887	3
	0.006918	10.1139	0.89497083	0.8024	3.3886	3.5211	-0.0100	-3.702	1.154	0.353	0.681	-0.699	-0.395	-0.844	-1.094	-1.403	-1.425	-3.480	-3.776	-4.349	3.10854006	4
	0.006918	10.1139	0.89497083	0.8026	1.6864	3.6912	2.3727	0.554	1.762	1.359	1.161	0.743	0.884	0.597	0.380	0.123	0.187	-0.067	-0.132	-0.301	3.10854006	4
	0.006918	10.1139	0.89502895	0.8025	1.6968	3.6904	2.3592	0.528	1.744	1.339	1.140	0.720	0.861	0.573	0.356	0.098	0.163	-0.093	-0.159	-0.328	3.10856009	4
	0.006918	10.1139	0.89508545	0.8025	1.7003	3.6902	2.3549	0.519	1.737	1.331	1.132	0.712	0.853	0.565	0.347	0.090	0.154	-0.102	-0.168	-0.337	3.10857964	4
	0.006918	10.1139	0.89514190	0.8024	1.7013	3.6903	2.3544	0.517	1.733	1.328	1.129	0.709	0.850	0.562	0.345	0.087	0.151	-0.104	-0.170	-0.339	3.10859895	4
	0.006918	10.1139	0.89519954	0.8023	1.7005	3.6907	2.3568	0.519	1.732	1.327	1.128	0.709	0.850	0.563	0.346	0.088	0.153	-0.102	-0.168	-0.337	3.10861874	4
	0.006918	10.1139	0.89525765	0.8023	1.6985	3.6913	2.3609	0.524	1.732	1.328	1.130	0.712	0.853	0.566	0.350	0.092	0.157	-0.098	-0.163	-0.331	3.10863876	4
	0.006918	10.1139	0.89531702	0.8022	1.6960	3.6919	2.3658	0.530	1.732	1.330	1.132	0.716	0.856	0.571	0.355	0.098	0.162	-0.092	-0.157	-0.324	3.10865927	4
	0.006918	10.1139	0.89537650	0.8021	1.6934	3.6926	2.3711	0.537	1.732	1.332	1.134	0.720	0.860	0.575	0.360	0.103	0.167	-0.085	-0.150	-0.317	3.10867977	4
	0.006918	10.1139	0.89543420	0.8021	1.6909	3.6932	2.3761	0.543	1.732	1.334	1.136	0.724	0.863	0.580	0.365	0.109	0.173	-0.079	-0.144	-0.310	3.10869956	4
	0.006918	10.1139	0.89549416	0.8020	1.6885	3.6938	2.3807	0.549	1.733	1.335	1.138	0.728	0.866	0.584	0.369	0.114	0.177	-0.073	-0.138	-0.304	3.10872006	4
	0.006918	10.1139	0.89555478	0.8019	1.6865	3.6943	2.3848	0.554	1.732	1.337	1.140	0.731	0.869	0.587	0.373	0.118	0.181	-0.068	-0.133	-0.298	3.10874104	4
	0.006918	10.1139	0.89561152	0.8019	1.6849	3.6948	2.3883	0.558	1.732	1.337	1.141	0.733	0.870	0.590	0.376	0.121	0.185	-0.065	-0.129	-0.293	3.10876060	4
	0.006918	10.1139	0.89567065	0.8018	1.6835	3.6952	2.3914	0.561	1.732	1.338	1.142	0.735	0.872	0.592	0.379	0.124	0.188	-0.061	-0.125	-0.289	3.10878086	4
	0.006918	10.1139	0.89573348	0.8018	1.6823	3.6956	2.3942	0.564	1.731	1.338	1.142	0.736	0.873	0.594	0.381	0.126	0.190	-0.058	-0.122	-0.286	3.10880232	4
	0.006918	10.1139	0.89578569	0.8017	1.6814	3.6959	2.3962	0.567	1.730	1.338	1.142	0.737	0.874	0.595	0.383	0.128	0.192	-0.056	-0.119	-0.283	3.10882020	4
	0.006918	10.1139	0.89579213	0.8017	1.6813	3.6959	2.3965	0.567	1.730	1.338	1.142	0.737	0.874	0.595	0.383	0.128	0.192	-0.056	-0.119	-0.283	3.10882258	4
	0.006918	10.1139	0.89585090	0.8016	1.6806	3.6962	2.3983	0.568	1.729	1.338	1.142	0.738	0.874	0.596	0.384	0.129	0.193	-0.054	-0.118	-0.281	3.10884261	4
	0.006918	10.1139	0.89591193	0.8016	1.6802	3.6965	2.3998	0.570	1.728	1.337	1.142	0.738	0.874	0.596	0.384	0.130	0.194	-0.053	-0.116	-0.280	3.10886359	4
	0.006918	10.1139	0.89597189	0.8015	1.6800	3.6967	2.4006	0.570	1.726	1.336	1.141	0.738	0.874	0.596	0.384	0.130	0.194	-0.053	-0.116	-0.279	3.10888433	4
	0.006918	10.1139	0.89602965	0.8015	1.6802	3.6968	2.4008	0.569	1.725	1.335	1.140	0.737	0.873	0.595	0.384	0.130	0.193	-0.053	-0.117	-0.280	3.10890412	4
	0.006918	10.1139	0.89608896	0.8014	1.6809	3.6968	2.4003	0.568	1.723	1.333	1.138	0.735	0.871	0.594	0.382	0.128	0.191	-0.055	-0.118	-0.281	3.10892439	4
	0.006918	10.1139	0.89614844	0.8014	1.6819	3.6968	2.3991	0.565	1.721	1.331	1.135	0.733	0.869	0.591	0.379	0.125	0.189	-0.057	-0.121	-0.284	3.10894489	4
	0.006918	10.1139	0.89620703	0.8013	1.6834	3.6966	2.3970	0.562	1.719	1.328	1.133	0.730	0.866	0.588	0.376	0.122	0.185	-0.061	-0.124	-0.288	3.10896492	4
	0.006918	10.1139	0.89621317	0.8013	1.6835	3.6966	2.3968	0.561	1.718	1.328	1.132	0.729	0.865	0.587	0.375	0.121	0.185	-0.062	-0.125	-0.288	3.10896707	4
	0.006918	10.1139	0.89626938	0.8012	1.6855	3.6964	2.3939	0.556	1.715	1.324	1.129	0.725	0.861	0.583	0.371	0.117	0.180	-0.067	-0.130	-0.293	3.10898638	4
	0.006918	10.1139	0.89632875	0.8012	1.6882	3.6961	2.3900	0.550	1.712	1.320	1.124	0.720	0.856	0.577	0.365	0.111	0.174	-0.073	-0.137	-0.300	3.10900664	4
	0.006918	10.1139	0.89638776	0.8011	1.6914	3.6957	2.3853	0.542	1.708	1.315	1.118	0.713	0.850	0.570	0.358	0.103	0.167	-0.081	-0.145	-0.309	3.10902691	4
	0.006918	10.1139	0.89644712	0.8010	1.6958	3.6952	2.3785	0.531	1.702	1.308	1.111	0.704	0.841	0.561	0.348	0.093	0.157	-0.092	-0.156	-0.320	3.10904741	4
	0.006918	10.1139	0.89650726	0.8010	1.7010	3.6945	2.3706	0.517	1.695	1.299	1.102	0.693	0.831	0.550	0.336	0.081	0.145	-0.105	-0.169	-0.334	3.10906792	4
	0.006918	10.1139	0.89656782	0.8009	1.7073	3.6937	2.3612	0.502	1.687	1.289	1.091	0.681	0.819	0.537	0.322	0.066	0.130	-0.121	-0.185	-0.351	3.10908866	4
	0.006918	10.1139	0.89662886	0.8008	1.7142	3.6929	2.3510	0.484	1.678	1.278	1.079	0.666	0.805	0.522	0.306	0.050	0.114	-0.138	-0.202	-0.369	3.10910964	4
	0.006918	10.1139	0.89668882	0.8008	1.7199	3.6922	2.3425	0.470	1.670	1.268	1.069	0.654	0.794	0.509	0.293	0.037	0.101	-0.152	-0.217	-0.384	3.10913014	4
	0.006918	10.1139	0.89674771	0.8007	1.7257	3.6916	2.3341	0.456	1.662	1.259	1.059	0.642	0.783	0.497	0.280	0.023	0.088	-0.166	-0.232	-0.400	3.10915041	4
	0.006918	10.1139	0.89681178	0.8006	1.7435	3.6896	2.3083	0.411	1.638	1.229	1.028	0.606	0.748	0.459	0.240	-0.018	0.047	-0.210	-0.276	-0.446	3.10917234	4
	0.006918	10.1139	0.89687091	0.8005	1.7721	3.6864	2.2669	0.340	1.600	1.182	0.979	0.548	0.693	0.398	0.177	-0.083	-0.018	-0.280	-0.347	-0.520	3.10919261	4
	0.006918	10.1139	0.89691037	0.8004	1.8100	3.6823	2.2124	0.245	1.549	1.120	0.913	0.471	0.619	0.318	0.092	-0.170	-0.104	-0.373	-0.442	-0.619	3.10920620	4
	0.006918	10.1139	0.89692962	0.8004	1.8490	3.6781	2.1568	0.147	1.497	1.056	0.846	0.392	0.544	0.236	0.006	-0.258	-0.192	-0.468	-0.538	-0.720	3.10921288	4
	0.006918	10.1139	0.89693904	0.8003	1.8886	3.6740	2.1005	0.048	1.445	0.993	0.779	0.313	0.469	0.153	-0.081	-0.347	-0.280	-0.563	-0.636	-0.822	3.10921597	4
	0.006918	10.1139	0.89694369	0.8003	1.9292	3.6697	2.0430	-0.053	1.393	0.928	0.711	0.232	0.392	0.069	-0.170	-0.439	-0.371	-0.661	-0.736	-0.926	3.10921764	4
	0.006918	10.1139	0.89694619	0.8003	1.9699	3.6656	1.9859	-0.155	1.341	0.865	0.645	0.152	0.317	-0.015	-0.258	-0.529	-0.461	-0.758	-0.835	-1.029	3.10921836	4
	0.006918	10.1139	0.89694768	0.8003	2.0105	3.6616	1.9291	-0.256	1.293	0.804	0.581	0.073	0.243	-0.098	-0.346	-0.620	-0.551	-0.856	-0.934	-1.133	3.10921907	4
	0.006918	10.1139	0.89694828	0.8003	2.0328	3.6594	1.8981	-0.312	1.265	0.770	0.546	0.029	0.201	-0.144	-0.394	-0.670	-0.600	-0.910	-0.989	-1.190	3.10921907	7
	0.006918	10.1139	0.89694828	0.8003	2.0335	3.6594	1.8972	-0.314	1.265	0.769	0.545	0.028	0.200	-0.145	-0.395	-0.672	-0.602	-0.911	-0.990	-1.191	3.10921907	7
	0.006918	10.1139	0.89694870	0.8003	2.0487	3.6578	1.8760	-0.352	1.248	0.748	0.523	-0.001	0.174	-0.175	-0.428	-0.705	-0.635	-0.947	-1.027	-1.230	3.10921931	7
	0.006918	10.1139	0.89694959	0.8003	2.0876	3.6542	1.8224	-0.449	1.202	0.690	0.465	-0.076	0.103	-0.254	-0.511	-0.791	-0.720	-1.039	-1.121	-1.328	3.10921955	7
	0.006918	10.1139	0.89695048	0.8003	2.1263	3.6505	1.7690	-0.546	1.156	0.634	0.406	-0.151	0.034	-0.332	-0.593	-0.876	-0.804	-1.131	-1.214	-1.425	3.10922003	7
	0.006918	10.1139	0.89695132	0.8002	2.1572	3.6476	1.7266	-0.623	1.121	0.590	0.362	-0.209	-0.021	-0.393	-0.658	-0.943	-0.870	-1.203	-1.288	-1.502	3.10922027	7
	0.006918	10.1139	0.89695227	0.8002	2.1828	3.6453	1.6917	-0.687	1.092	0.553	0.325	-0.257	-0.066	-0.444	-0.712	-0.998	-0.925	-1.263	-1.349	-1.566	3.10922050	7
	0.006918	10.1139	0.89695466	0.8002	2.1718	3.6464	1.7072	-0.659	1.103	0.568	0.339	-0.237	-0.047	-0.423	-0.689	-0.975	-0.902	-1.238	-1.323	-1.539	3.10922146	7
	0.006918	10.1139	0.89695621	0.8002	2.1447	3.6490	1.7443	-0.592	1.133	0.605	0.377	-0.187	-0.000	-0.369	-0.633	-0.916	-0.844	-1.175	-1.259	-1.471	3.10922194	7
	0.006918	10.1139	0.89695978	0.8001	2.1166	3.6516	1.7831	-0.521	1.165	0.646	0.419	-0.133	0.050	-0.313	-0.573	-0.855	-0.783	-1.108	-1.191	-1.401	3.10922313	7
	0.006918	10.1139	0.89697230	0.8000	2.1009	3.6530	1.8043	-0.482	1.185	0.670	0.443	-0.102	0.079	-0.281	-0.540	-0.820	-0.749	-1.071	-1.153	-1.361	3.10922742	7
	0.006918	10.1139	0.89700389	0.7997	2.1306	3.6501	1.7626	-0.556	1.152	0.628	0.400	-0.159	0.026	-0.340	-0.602	-0.885	-0.813	-1.141	-1.224	-1.436	3.10923815	7
	0.006918	10.1139	0.89702827	0.7994	2.1741	3.6459	1.7021	-0.665	1.105	0.569	0.340	-0.239	-0.048	-0.425	-0.692	-0.978	-0.906	-1.243	-1.328	-1.544	3.10924649	7
	0.006918	10.1139	0.89705062	0.7991	2.2183	3.6417	1.6412	-0.776	1.056	0.507	0.277	-0.322	-0.125	-0.512	-0.785	-1.073	-1.000	-1.346	-1.434	-1.654	3.10925412	7
	0.006918	10.1139	0.89707047	0.7987	2.2609	3.6378	1.5826	-0.882	1.010	0.449	0.220	-0.400	-0.197	-0.594	-0.872	-1.164	-1.090	-1.445	-1.534	-1.760	3.10926104	7
	0.006918	10.1139	0.89708751	0.7983	2.3033	3.6339	1.5247	-0.988	0.966	0.393	0.165	-0.477	-0.268	-0.676	-0.959	-1.253	-1.179	-1.542	-1.634	-1.864	3.10926676	7
	0.006918	10.1139	0.89710212	0.7980	2.3447	3.6301	1.4678	-1.092	0.922	0.338	0.111	-0.553	-0.338	-0.755	-1.043	-1.341	-1.266	-1.638	-1.732	-1.966	3.10927176	7
	0.006918	10.1139	0.89711499	0.7976	2.3859	3.6264	1.4114	-1.195	0.881	0.287	0.063	-0.625	-0.404	-0.832	-1.125	-1.424	-1.350	-1.732	-1.828	-2.067	3.10927629	7
	0.006918	10.1139	0.89712632	0.7972	2.4269	3.6227	1.3556	-1.297	0.839	0.235	0.015	-0.697	-0.470	-0.908	-1.206	-1.507	-1.434	-1.825	-1.923	-2.167	3.10928011	7
	0.006918	10.1139	0.89713651	0.7968	2.4676	3.6190	1.2998	-1.399	0.798	0.184	-0.031	-0.768	-0.535	-0.983	-1.286	-1.588	-1.517	-1.917	-2.018	-2.266	3.10928369	7
	0.006918	10.1139	0.89714593	0.7963	2.5086	3.6153	1.2435	-1.502	0.761	0.138	-0.073	-0.835	-0.597	-1.054	-1.362	-1.666	-1.596	-2.009	-2.112	-2.365	3.10928679	7
	0.006918	10.1139	0.89715463	0.7958	2.5496	3.6115	1.1874	-1.604	0.724	0.090	-0.116	-0.903	-0.659	-1.126	-1.438	-1.744	-1.675	-2.100	-2.205	-2.463	3.10928988	7
	0.006918	10.1139	0.89716280	0.7953	2.5901	3.6078	1.1317	-1.705	0.689	0.047	-0.153	-0.967	-0.717	-1.193	-1.510	-1.816	-1.750	-2.190	-2.297	-2.560	3.10929275	7
	0.006918	10.1139	0.89717048	0.7947	2.6309	3.6041	1.0756	-1.807	0.655	0.005	-0.188	-1.029	-0.773	-1.259	-1.579	-1.885	-1.823	-2.279	-2.389	-2.658	3.10929537	7
	0.006918	10.1139	0.89717788	0.7940	2.6712	3.6004	1.0202	-1.908	0.623	-0.036	-0.222	-1.091	-0.829	-1.323	-1.648	-1.955	-1.895	-2.366	-2.480	-2.754	3.10929775	7
	0.006918	10.1139	0.89718509	0.7932	2.7125	3.5966	0.9633	-2.011	0.599	-0.072	-0.253	-1.147	-0.881	-1.383	-1.711	-2.016	-1.961	-2.455	-2.572	-2.852	3.10930037	7
	0.006918	10.1139	0.89719146	0.7924	2.7533	3.5928	0.9068	-2.113	0.580	-0.107	-0.285	-1.203	-0.932	-1.443	-1.774	-2.078	-2.028	-2.543	-2.662	-2.950	3.10930252	7
	0.006918	10.1139	0.89719737	0.7915	2.7965	3.5886	0.8465	-2.221	0.563	-0.140	-0.316	-1.259	-0.984	-1.503	-1.837	-2.140	-2.095	-2.635	-2.758	-3.053	3.10930443	7
	0.006918	10.1139	0.89720184	0.7907	2.8418	3.5842	0.7830	-2.334	0.549	-0.172	-0.344	-1.312	-1.034	-1.559	-1.896	-2.195	-2.156	-2.730	-2.858	-3.160	3.10930610	7
	0.006918	10.1139	0.89720500	0.7901	2.8849	3.5799	0.7223	-2.442	0.537	-0.200	-0.369	-1.364	-1.081	-1.615	-1.955	-2.252	-2.218	-2.820	-2.952	-3.262	3.10930705	7
	0.006918	10.1139	0.89720768	0.7894	2.9270	3.5756	0.6626	-2.548	0.530	-0.223	-0.386	-1.404	-1.118	-1.653	-1.993	-2.279	-2.256	-2.906	-3.043	-3.362	3.10930800	7
	0.006918	10.1139	0.89721018	0.7886	2.9700	3.5710	0.6011	-2.655	0.526	-0.244	-0.403	-1.446	-1.155	-1.695	-2.036	-2.311	-2.298	-2.993	-3.135	-3.463	3.10930896	7
	0.006918	10.1139	0.89721245	0.7878	3.0112	3.5666	0.5417	-2.758	0.528	-0.259	-0.410	-1.475	-1.181	-1.716	-2.055	-2.310	-2.309	-3.074	-3.222	-3.560	3.10930967	7
	0.006918	10.1139	0.89721471	0.7869	3.0532	3.5620	0.4807	-2.863	0.528	-0.272	-0.414	-1.499	-1.203	-1.729	-2.064	-2.292	-2.307	-3.156	-3.310	-3.659	3.10931039	7
	0.006918	10.1139	0.89721698	0.7857	3.0936	3.5575	0.4216	-2.964	0.531	-0.276	-0.397	-1.503	-1.206	-1.719	-2.047	-2.248	-2.277	-3.231	-3.393	-3.754	3.10931110	7
	0.006918	10.1139	0.89721924	0.7844	3.1303	3.5532	0.3672	-3.056	0.544	-0.269	-0.367	-1.492	-1.194	-1.691	-2.011	-2.184	-2.223	-3.294	-3.465	-3.841	3.10931206	7
	0.006918	10.1139	0.89722043	0.7837	3.1497	3.5508	0.3377	-3.104	0.556	-0.261	-0.345	-1.481	-1.182	-1.670	-1.984	-2.140	-2.187	-3.325	-3.502	-3.886	3.10931230	7
	0.006918	10.1139	0.89722061	0.7836	3.1385	3.5521	0.3538	-3.076	0.552	-0.262	-0.354	-1.484	-1.185	-1.678	-1.995	-2.160	-2.203	-3.306	-3.480	-3.859	3.10931253	7
	0.006918	10.1139	0.89722085	0.7834	3.1620	3.5493	0.3194	-3.135	0.565	-0.252	-0.326	-1.471	-1.171	-1.652	-1.963	-2.111	-2.161	-3.344	-3.524	-3.914	3.10931253	7
	0.006918	10.1139	0.89722097	0.7833	3.1769	3.5477	0.2977	-3.172	0.579	-0.240	-0.297	-1.453	-1.152	-1.626	-1.933	-2.076	-2.129	-3.365	-3.550	-3.947	3.10931253	7
	0.006918	10.1139	0.89722109	0.7832	3.1895	3.5462	0.2792	-3.204	0.592	-0.228	-0.270	-1.437	-1.135	-1.602	-1.905	-2.043	-2.098	-3.382	-3.572	-3.975	3.10931253	7
	0.006918	10.1139	0.89722127	0.7831	3.2243	3.5418	0.2267	-3.291	0.638	-0.183	-0.181	-1.379	-1.075	-1.520	-1.810	-1.929	-1.992	-3.425	-3.629	-4.053	3.10931277	7
	0.006918	10.1139	0.89722151	0.7828	3.2615	3.5370	0.1700	-3.384	0.713	-0.107	-0.043	-1.282	-0.975	-1.402	-1.678	-1.802	-1.868	-3.458	-3.679	-4.130	3.10931277	7
	0.006918	10.1139	0.89722180	0.7825	3.2982	3.5321	0.1136	-3.476	0.803	-0.015	0.119	-1.166	-0.855	-1.266	-1.529	-1.670	-1.734	-3.483	-3.723	-4.204	3.10931277	7
	0.006918	10.1139	0.89722228	0.7819	3.3369	3.5268	0.0536	-3.572	0.962	0.149	0.368	-0.963	-0.653	-1.073	-1.328	-1.530	-1.579	-3.482	-3.746	-4.267	3.10931301	7
	0.006918	10.1139	0.89722282	0.7811	3.3644	3.5231	0.0109	-3.641	1.102	0.294	0.580	-0.784	-0.477	-0.914	-1.167	-1.434	-1.466	-3.468	-3.753	-4.306	3.10931325	7
	0.006918	10.1139	0.89722282	0.7811	3.3644	3.5232	0.0109	-3.641	1.102	0.293	0.579	-0.784	-0.477	-0.915	-1.167	-1.434	-1.467	-3.468	-3.753	-4.306	3.10931325	8
