# File generated by CMD 2.8 (http://stev.oapd.inaf.it/cmd) on Sun Oct 16 05:36:15 CEST 2016
# PARSEC isochrones, release v1.2S
# Basic references: Bressan et al. (2012), MNRAS, 427, 127 + Chen et al. (2014, 2015), MNRAS, 444, 2525 + MNRAS, 452, 1068 + Tang et al. (2014), MNRAS, 445, 4287
# Warning: you choose not to include the TP-AGB phase!
# Photometric system: HST/ACS WFC
# Using NBC version of bolometric corrections as in Chen et al. (2014), MNRAS, 444, 2525
# BCs of Carbon stars derive from Aringer et al. (2009, A&A 503, 913)
# O-rich circumstellar dust ignored
# C-rich circumstellar dust ignored
# IMF: Kroupa (2001, 2002) + Kroupa et al. (2013) canonical two-part-power law IMF corrected for unresolved binaries 
# On RGB, assumed Reimers mass loss with efficiency eta=0.2
# Kind of output: isochrone tables
#	Isochrone  Z = 0.00015	Y = 0.24900	[M/H] = -2.015	eta_R = 0.200	Age = 	1.3000e+10 yr
#      Z	log(age/yr)	M_ini   	M_act	logL/Lo	logTe	logG	mbol    F435W   F475W   F502N   F550M   F555W   F606W   F625W   F658N   F660N   F775W   F814W   F850LP	int_IMF	stage
	0.000150	10.1139	0.09415038	0.0941	-3.0246	3.5176	5.4587	12.331	15.889	15.159	15.460	13.741	14.125	13.435	13.053	12.280	12.329	11.750	11.575	11.207	1.12029707	1
	0.000150	10.1139	0.10765360	0.1077	-2.6905	3.5614	5.3582	11.496	14.211	13.619	13.646	12.458	12.766	12.156	11.791	11.326	11.409	10.908	10.775	10.468	1.23203444	1
	0.000150	10.1139	0.10830075	0.1083	-2.6755	3.5634	5.3537	11.459	14.140	13.553	13.569	12.405	12.709	12.103	11.740	11.284	11.368	10.870	10.739	10.434	1.23692703	1
	0.000150	10.1139	0.12830074	0.1283	-2.4257	3.5872	5.2727	10.834	13.130	12.598	12.494	11.599	11.862	11.319	10.981	10.605	10.695	10.238	10.123	9.844	1.37168586	1
	0.000150	10.1139	0.14830074	0.1483	-2.2574	3.5994	5.2161	10.413	12.533	12.026	11.877	11.095	11.339	10.835	10.512	10.158	10.249	9.813	9.704	9.437	1.48157442	1
	0.000150	10.1139	0.17660150	0.1766	-2.0812	3.6099	5.1578	9.973	11.953	11.465	11.289	10.587	10.816	10.343	10.035	9.695	9.784	9.368	9.264	9.008	1.60786355	1
	0.000150	10.1139	0.19528316	0.1953	-1.9863	3.6150	5.1271	9.736	11.651	11.173	10.986	10.318	10.540	10.082	9.781	9.446	9.535	9.127	9.026	8.776	1.67762744	1
	0.000150	10.1139	0.22075188	0.2207	-1.8705	3.6213	5.0897	9.446	11.285	10.817	10.619	9.991	10.204	9.764	9.471	9.143	9.231	8.834	8.736	8.493	1.75987995	1
	0.000150	10.1139	0.27075186	0.2707	-1.6906	3.6313	5.0385	8.997	10.718	10.266	10.057	9.483	9.682	9.270	8.990	8.671	8.758	8.380	8.286	8.052	1.89032698	1
	0.000150	10.1139	0.34999999	0.3500	-1.4747	3.6449	4.9883	8.457	10.031	9.601	9.383	8.870	9.053	8.673	8.409	8.103	8.187	7.832	7.745	7.525	2.04341745	1
	0.000150	10.1139	0.40000001	0.4000	-1.3484	3.6537	4.9553	8.141	9.626	9.212	8.991	8.511	8.685	8.324	8.069	7.771	7.853	7.513	7.430	7.219	2.11850262	1
	0.000150	10.1139	0.44999999	0.4499	-1.1938	3.6685	4.9111	7.755	9.098	8.709	8.488	8.057	8.216	7.885	7.647	7.361	7.439	7.124	7.047	6.850	2.18228102	1
	0.000150	10.1139	0.50000000	0.4999	-1.0209	3.6856	4.8524	7.322	8.516	8.159	7.945	7.561	7.704	7.403	7.182	6.910	6.984	6.694	6.624	6.443	2.23745418	1
	0.000150	10.1139	0.55000001	0.5499	-0.8103	3.7062	4.7655	6.796	7.831	7.514	7.316	6.974	7.101	6.832	6.629	6.373	6.442	6.181	6.117	5.955	2.28365827	1
	0.000150	10.1139	0.60000002	0.5998	-0.5945	3.7324	4.6921	6.256	7.119	6.854	6.682	6.381	6.492	6.257	6.075	5.838	5.901	5.673	5.618	5.477	2.32112145	1
	0.000150	10.1139	0.60441720	0.6042	-0.5743	3.7351	4.6858	6.206	7.054	6.793	6.624	6.326	6.437	6.204	6.024	5.789	5.852	5.627	5.573	5.433	2.32409000	1
	0.000150	10.1139	0.61411440	0.6139	-0.5296	3.7410	4.6716	6.094	6.909	6.659	6.495	6.206	6.313	6.088	5.912	5.681	5.742	5.524	5.472	5.338	2.33043551	1
	0.000150	10.1139	0.62352729	0.6233	-0.4858	3.7466	4.6569	5.984	6.770	6.530	6.372	6.090	6.194	5.975	5.803	5.577	5.637	5.425	5.374	5.244	2.33637810	1
	0.000150	10.1139	0.63461542	0.6344	-0.4335	3.7532	4.6386	5.854	6.607	6.378	6.225	5.952	6.053	5.841	5.674	5.453	5.511	5.307	5.258	5.133	2.34311914	1
	0.000150	10.1139	0.64444476	0.6442	-0.3866	3.7589	4.6212	5.737	6.462	6.243	6.095	5.830	5.927	5.722	5.559	5.342	5.399	5.201	5.154	5.034	2.34887218	1
	0.000150	10.1139	0.64999998	0.6497	-0.3598	3.7621	4.6108	5.669	6.380	6.166	6.021	5.760	5.856	5.655	5.494	5.278	5.335	5.141	5.095	4.977	2.35203552	1
	0.000150	10.1139	0.65398782	0.6537	-0.3403	3.7643	4.6028	5.621	6.322	6.111	5.968	5.710	5.805	5.605	5.446	5.233	5.288	5.097	5.051	4.935	2.35426807	1
	0.000150	10.1139	0.66348112	0.6631	-0.2928	3.7695	4.5823	5.502	6.181	5.978	5.840	5.587	5.680	5.486	5.330	5.121	5.175	4.989	4.945	4.832	2.35945892	1
	0.000150	10.1139	0.67254406	0.6722	-0.2462	3.7744	4.5612	5.385	6.046	5.850	5.716	5.469	5.560	5.371	5.218	5.011	5.066	4.885	4.842	4.732	2.36425757	1
	0.000150	10.1139	0.68058705	0.6802	-0.2034	3.7787	4.5408	5.278	5.923	5.733	5.602	5.361	5.450	5.265	5.116	4.911	4.966	4.788	4.747	4.640	2.36839342	1
	0.000150	10.1139	0.68837988	0.6880	-0.1604	3.7828	4.5192	5.171	5.797	5.614	5.489	5.254	5.340	5.161	5.016	4.815	4.871	4.696	4.655	4.551	2.37229466	1
	0.000150	10.1139	0.69760394	0.6971	-0.1070	3.7877	4.4910	5.037	5.639	5.467	5.348	5.121	5.204	5.032	4.892	4.697	4.754	4.582	4.543	4.442	2.37678313	1
	0.000150	10.1139	0.69999999	0.6995	-0.0928	3.7889	4.4833	5.002	5.597	5.428	5.311	5.086	5.167	4.998	4.859	4.665	4.722	4.551	4.513	4.413	2.37792683	1
	0.000150	10.1139	0.70084220	0.7004	-0.0878	3.7893	4.4805	4.989	5.583	5.414	5.298	5.073	5.155	4.985	4.847	4.654	4.711	4.540	4.502	4.403	2.37832665	1
	0.000150	10.1139	0.70815414	0.7076	-0.0419	3.7930	4.4536	4.875	5.451	5.289	5.177	4.958	5.037	4.873	4.738	4.549	4.607	4.438	4.400	4.304	2.38175249	1
	0.000150	10.1139	0.71690691	0.7163	0.0164	3.7972	4.4176	4.729	5.286	5.130	5.023	4.811	4.888	4.729	4.598	4.413	4.471	4.305	4.269	4.176	2.38574767	1
	0.000150	10.1139	0.72354746	0.7229	0.0639	3.8003	4.3865	4.610	5.153	5.002	4.899	4.691	4.766	4.611	4.482	4.302	4.360	4.196	4.161	4.070	2.38870478	1
	0.000150	10.1139	0.73156959	0.7309	0.1260	3.8039	4.3434	4.455	4.983	4.837	4.735	4.532	4.606	4.454	4.329	4.151	4.208	4.048	4.014	3.926	2.39219499	1
	0.000150	10.1139	0.73885924	0.7381	0.1882	3.8068	4.2973	4.300	4.815	4.672	4.573	4.374	4.446	4.298	4.174	3.999	4.056	3.898	3.865	3.780	2.39529085	1
	0.000150	10.1139	0.74551469	0.7447	0.2505	3.8092	4.2482	4.144	4.648	4.508	4.411	4.215	4.286	4.140	4.019	3.846	3.902	3.747	3.715	3.631	2.39805675	1
	0.000150	10.1139	0.75000000	0.7491	0.2961	3.8104	4.2100	4.030	4.528	4.389	4.293	4.099	4.169	4.025	3.904	3.733	3.789	3.635	3.603	3.520	2.39988899	1
	0.000150	10.1139	0.75267845	0.7517	0.3237	3.8112	4.1871	3.961	4.454	4.317	4.221	4.029	4.098	3.955	3.835	3.665	3.720	3.568	3.536	3.453	2.40097117	1
	0.000150	10.1139	0.75673836	0.7557	0.3696	3.8118	4.1459	3.846	4.335	4.199	4.103	3.912	3.981	3.839	3.720	3.550	3.606	3.454	3.422	3.340	2.40259480	1
	0.000150	10.1139	0.76096112	0.7598	0.4241	3.8108	4.0897	3.710	4.199	4.062	3.967	3.775	3.845	3.702	3.582	3.411	3.467	3.314	3.283	3.200	2.40426230	1
	0.000150	10.1139	0.76447821	0.7633	0.4760	3.8080	4.0287	3.580	4.075	3.937	3.840	3.645	3.716	3.570	3.449	3.276	3.332	3.178	3.146	3.061	2.40563488	1
	0.000150	10.1139	0.76579791	0.7646	0.4976	3.8064	4.0016	3.526	4.026	3.886	3.788	3.592	3.663	3.516	3.394	3.219	3.276	3.121	3.088	3.002	2.40614629	2
	0.000150	10.1139	0.76690251	0.7656	0.5183	3.8042	3.9724	3.474	3.980	3.838	3.740	3.541	3.613	3.464	3.341	3.163	3.221	3.064	3.030	2.943	2.40657282	2
	0.000150	10.1139	0.76870829	0.7674	0.5559	3.7989	3.9148	3.380	3.903	3.756	3.654	3.449	3.523	3.369	3.243	3.060	3.119	2.958	2.923	2.831	2.40726686	2
	0.000150	10.1139	0.77011532	0.7687	0.5903	3.7924	3.8551	3.294	3.844	3.686	3.579	3.366	3.443	3.282	3.150	2.959	3.019	2.854	2.817	2.721	2.40780497	2
	0.000150	10.1139	0.77124202	0.7698	0.6223	3.7848	3.7932	3.214	3.799	3.630	3.513	3.290	3.371	3.201	3.061	2.862	2.921	2.753	2.714	2.612	2.40823436	2
	0.000150	10.1139	0.77217376	0.7707	0.6522	3.7766	3.7311	3.140	3.762	3.580	3.454	3.221	3.306	3.126	2.980	2.773	2.831	2.657	2.616	2.508	2.40858841	2
	0.000150	10.1139	0.77298075	0.7715	0.6813	3.7687	3.6706	3.067	3.721	3.529	3.397	3.154	3.243	3.054	2.903	2.692	2.749	2.568	2.524	2.411	2.40889406	2
	0.000150	10.1139	0.77370149	0.7721	0.7125	3.7610	3.6090	2.989	3.676	3.474	3.335	3.084	3.176	2.980	2.823	2.607	2.666	2.477	2.430	2.312	2.40916657	2
	0.000150	10.1139	0.77427566	0.7727	0.7443	3.7550	3.5539	2.909	3.624	3.413	3.270	3.011	3.106	2.904	2.743	2.522	2.583	2.387	2.339	2.216	2.40938330	2
	0.000150	10.1139	0.77485275	0.7732	0.7841	3.7498	3.4933	2.810	3.548	3.330	3.183	2.918	3.015	2.808	2.644	2.418	2.481	2.279	2.230	2.103	2.40960073	2
	0.000150	10.1139	0.77532309	0.7736	0.8232	3.7462	3.4401	2.712	3.468	3.244	3.095	2.825	2.924	2.713	2.547	2.318	2.382	2.176	2.125	1.995	2.40977764	2
	0.000150	10.1139	0.77557069	0.7738	0.8455	3.7445	3.4112	2.656	3.420	3.194	3.043	2.772	2.871	2.659	2.491	2.261	2.325	2.118	2.067	1.935	2.40987062	3
	0.000150	10.1139	0.77586776	0.7741	0.8753	3.7429	3.3751	2.582	3.353	3.125	2.973	2.700	2.800	2.586	2.417	2.186	2.251	2.041	1.989	1.857	2.40998220	3
	0.000150	10.1139	0.77625716	0.7744	0.9159	3.7409	3.3266	2.480	3.261	3.030	2.877	2.601	2.702	2.486	2.316	2.083	2.148	1.937	1.884	1.750	2.41012812	3
	0.000150	10.1139	0.77664948	0.7748	0.9595	3.7390	3.2758	2.371	3.162	2.928	2.773	2.495	2.597	2.379	2.207	1.974	2.039	1.826	1.773	1.637	2.41027522	3
	0.000150	10.1139	0.77702528	0.7751	1.0039	3.7374	3.2251	2.260	3.059	2.823	2.666	2.387	2.489	2.269	2.097	1.863	1.928	1.713	1.659	1.522	2.41041589	3
	0.000150	10.1139	0.77742475	0.7754	1.0542	3.7357	3.1681	2.134	2.942	2.703	2.545	2.264	2.367	2.145	1.972	1.737	1.803	1.585	1.531	1.392	2.41056514	3
	0.000150	10.1139	0.77775991	0.7756	1.0996	3.7342	3.1170	2.021	2.836	2.595	2.436	2.153	2.257	2.034	1.860	1.623	1.690	1.470	1.416	1.276	2.41069031	3
	0.000150	10.1139	0.77809900	0.7759	1.1491	3.7328	3.0616	1.897	2.720	2.477	2.317	2.032	2.137	1.912	1.737	1.499	1.566	1.345	1.290	1.149	2.41081667	3
	0.000150	10.1139	0.77843177	0.7761	1.2020	3.7312	3.0025	1.765	2.596	2.351	2.189	1.903	2.008	1.781	1.605	1.367	1.434	1.211	1.156	1.013	2.41094065	3
	0.000150	10.1139	0.77870029	0.7762	1.2488	3.7297	2.9501	1.648	2.486	2.239	2.076	1.788	1.894	1.666	1.489	1.250	1.317	1.093	1.037	0.893	2.41104054	3
	0.000150	10.1139	0.77895933	0.7763	1.2978	3.7283	2.8952	1.525	2.371	2.122	1.958	1.668	1.775	1.545	1.367	1.127	1.195	0.969	0.912	0.767	2.41113710	3
	0.000150	10.1139	0.77919209	0.7764	1.3460	3.7268	2.8414	1.405	2.258	2.007	1.842	1.550	1.657	1.427	1.248	1.007	1.074	0.847	0.790	0.644	2.41122341	3
	0.000150	10.1139	0.77940291	0.7765	1.3936	3.7253	2.7877	1.286	2.147	1.894	1.727	1.434	1.542	1.310	1.130	0.888	0.956	0.727	0.669	0.522	2.41130185	3
	0.000150	10.1139	0.77959162	0.7765	1.4403	3.7238	2.7351	1.169	2.038	1.783	1.615	1.320	1.429	1.195	1.014	0.771	0.839	0.609	0.551	0.402	2.41137195	3
	0.000150	10.1139	0.77977014	0.7765	1.4887	3.7223	2.6806	1.048	1.926	1.668	1.499	1.202	1.311	1.076	0.894	0.650	0.719	0.486	0.428	0.278	2.41143799	3
	0.000150	10.1139	0.77992874	0.7764	1.5358	3.7207	2.6272	0.930	1.816	1.556	1.386	1.088	1.197	0.960	0.778	0.532	0.601	0.367	0.308	0.157	2.41149688	3
	0.000150	10.1139	0.78006959	0.7764	1.5817	3.7192	2.5751	0.816	1.711	1.448	1.276	0.976	1.086	0.848	0.664	0.418	0.487	0.251	0.192	0.039	2.41154909	3
	0.000150	10.1139	0.78019726	0.7763	1.6269	3.7177	2.5238	0.703	1.607	1.341	1.168	0.866	0.977	0.738	0.553	0.305	0.375	0.137	0.078	-0.077	2.41159654	3
	0.000150	10.1139	0.78031695	0.7761	1.6731	3.7161	2.4711	0.587	1.501	1.233	1.058	0.754	0.866	0.624	0.439	0.190	0.260	0.020	-0.040	-0.195	2.41164088	3
	0.000150	10.1139	0.78042263	0.7760	1.7176	3.7145	2.4201	0.476	1.400	1.129	0.952	0.646	0.758	0.515	0.328	0.079	0.149	-0.093	-0.153	-0.310	2.41167998	3
	0.000150	10.1139	0.78052026	0.7758	1.7623	3.7129	2.3690	0.364	1.299	1.024	0.846	0.537	0.651	0.405	0.217	-0.033	0.037	-0.207	-0.268	-0.426	2.41171598	3
	0.000150	10.1139	0.78060991	0.7756	1.8070	3.7113	2.3178	0.253	1.198	0.920	0.740	0.429	0.543	0.296	0.107	-0.145	-0.074	-0.320	-0.381	-0.541	2.41174912	3
	0.000150	10.1139	0.78068954	0.7754	1.8499	3.7096	2.2682	0.145	1.102	0.820	0.638	0.325	0.440	0.191	0.001	-0.252	-0.181	-0.429	-0.491	-0.652	2.41177869	3
	0.000150	10.1139	0.78076315	0.7751	1.8929	3.7081	2.2188	0.038	1.006	0.721	0.537	0.221	0.337	0.086	-0.105	-0.359	-0.288	-0.538	-0.600	-0.762	2.41180587	3
	0.000150	10.1139	0.78083384	0.7749	1.9375	3.7064	2.1673	-0.074	0.907	0.618	0.431	0.114	0.231	-0.022	-0.215	-0.470	-0.398	-0.651	-0.714	-0.877	2.41183209	3
	0.000150	10.1139	0.78089440	0.7747	1.9789	3.7048	2.1192	-0.177	0.816	0.523	0.334	0.014	0.132	-0.123	-0.317	-0.573	-0.501	-0.756	-0.819	-0.984	2.41185451	3
	0.000150	10.1139	0.78095037	0.7744	2.0201	3.7032	2.0715	-0.280	0.726	0.428	0.238	-0.085	0.034	-0.223	-0.419	-0.675	-0.603	-0.860	-0.924	-1.090	2.41187525	3
	0.000150	10.1139	0.78100383	0.7741	2.0626	3.7015	2.0224	-0.386	0.632	0.331	0.138	-0.187	-0.067	-0.326	-0.523	-0.780	-0.708	-0.967	-1.032	-1.199	2.41189480	3
	0.000150	10.1139	0.78105050	0.7738	2.1021	3.6999	1.9760	-0.485	0.547	0.242	0.047	-0.281	-0.160	-0.422	-0.620	-0.878	-0.806	-1.067	-1.132	-1.301	2.41191220	3
	0.000150	10.1139	0.78109425	0.7734	2.1410	3.6983	1.9306	-0.582	0.464	0.154	-0.044	-0.374	-0.252	-0.516	-0.715	-0.975	-0.902	-1.166	-1.232	-1.402	2.41192842	3
	0.000150	10.1139	0.78113979	0.7730	2.1801	3.6968	1.8852	-0.680	0.380	0.065	-0.135	-0.468	-0.345	-0.611	-0.812	-1.072	-0.999	-1.265	-1.331	-1.503	2.41194510	3
	0.000150	10.1139	0.78119022	0.7725	2.2079	3.6957	1.8528	-0.750	0.321	0.003	-0.199	-0.534	-0.410	-0.678	-0.880	-1.141	-1.068	-1.335	-1.402	-1.575	2.41196370	3
	0.000150	10.1139	0.78121412	0.7722	2.2018	3.6962	1.8606	-0.735	0.331	0.015	-0.186	-0.521	-0.397	-0.664	-0.865	-1.126	-1.053	-1.319	-1.386	-1.559	2.41197252	3
	0.000150	10.1139	0.78122157	0.7721	2.2101	3.6958	1.8507	-0.755	0.314	-0.003	-0.205	-0.540	-0.416	-0.684	-0.885	-1.146	-1.074	-1.340	-1.407	-1.580	2.41197538	3
	0.000150	10.1139	0.78125584	0.7717	2.2529	3.6939	1.8002	-0.862	0.224	-0.099	-0.303	-0.642	-0.517	-0.787	-0.990	-1.252	-1.179	-1.449	-1.517	-1.691	2.41198802	3
	0.000150	10.1139	0.78128946	0.7712	2.2974	3.6921	1.7482	-0.974	0.130	-0.198	-0.406	-0.748	-0.621	-0.894	-1.099	-1.362	-1.289	-1.561	-1.630	-1.806	2.41200042	3
	0.000150	10.1139	0.78131926	0.7707	2.3395	3.6902	1.6980	-1.079	0.043	-0.291	-0.502	-0.848	-0.719	-0.995	-1.202	-1.466	-1.393	-1.668	-1.737	-1.915	2.41201138	3
	0.000150	10.1139	0.78134733	0.7701	2.3820	3.6883	1.6476	-1.185	-0.043	-0.384	-0.598	-0.947	-0.818	-1.097	-1.305	-1.570	-1.497	-1.775	-1.845	-2.024	2.41202188	3
	0.000150	10.1139	0.78137451	0.7694	2.4263	3.6863	1.5952	-1.296	-0.134	-0.481	-0.698	-1.052	-0.921	-1.202	-1.412	-1.679	-1.605	-1.886	-1.957	-2.138	2.41203189	3
	0.000150	10.1139	0.78139752	0.7688	2.4665	3.6844	1.5468	-1.396	-0.214	-0.567	-0.788	-1.146	-1.013	-1.298	-1.509	-1.777	-1.703	-1.987	-2.059	-2.242	2.41204023	3
	0.000150	10.1139	0.78141999	0.7680	2.5089	3.6825	1.4963	-1.502	-0.299	-0.659	-0.883	-1.245	-1.111	-1.398	-1.611	-1.881	-1.807	-2.094	-2.166	-2.351	2.41204858	3
	0.000150	10.1139	0.78144151	0.7672	2.5524	3.6804	1.4442	-1.611	-0.385	-0.752	-0.979	-1.346	-1.210	-1.501	-1.716	-1.987	-1.913	-2.203	-2.276	-2.463	2.41205645	3
	0.000150	10.1139	0.78146422	0.7661	2.6021	3.6780	1.3843	-1.735	-0.482	-0.857	-1.088	-1.460	-1.322	-1.618	-1.835	-2.107	-2.034	-2.327	-2.402	-2.591	2.41206503	3
	0.000150	10.1139	0.78148252	0.7651	2.6456	3.6759	1.3319	-1.844	-0.566	-0.949	-1.182	-1.560	-1.420	-1.720	-1.939	-2.213	-2.139	-2.436	-2.511	-2.703	2.41207170	3
	0.000150	10.1139	0.78149831	0.7641	2.6860	3.6739	1.2828	-1.945	-0.642	-1.033	-1.270	-1.652	-1.511	-1.814	-2.035	-2.310	-2.236	-2.537	-2.613	-2.807	2.41207743	3
	0.000150	10.1139	0.78151661	0.7627	2.7362	3.6713	1.2215	-2.070	-0.736	-1.136	-1.377	-1.766	-1.623	-1.930	-2.154	-2.432	-2.357	-2.663	-2.740	-2.936	2.41208434	3
	0.000150	10.1139	0.78153092	0.7614	2.7789	3.6693	1.1697	-2.177	-0.816	-1.224	-1.469	-1.863	-1.718	-2.029	-2.256	-2.534	-2.460	-2.769	-2.847	-3.046	2.41208959	3
	0.000150	10.1139	0.78154540	0.7598	2.8255	3.6667	1.1119	-2.294	-0.898	-1.317	-1.565	-1.967	-1.819	-2.136	-2.365	-2.645	-2.571	-2.885	-2.964	-3.165	2.41209483	3
	0.000150	10.1139	0.78155804	0.7582	2.8691	3.6645	1.0585	-2.403	-0.978	-1.405	-1.656	-2.064	-1.915	-2.236	-2.468	-2.749	-2.675	-2.993	-3.073	-3.277	2.41209960	3
	0.000150	10.1139	0.78157061	0.7563	2.9159	3.6618	1.0002	-2.520	-1.059	-1.497	-1.753	-2.168	-2.016	-2.342	-2.577	-2.860	-2.785	-3.109	-3.190	-3.397	2.41210413	3
	0.000150	10.1139	0.78158092	0.7544	2.9570	3.6596	0.9491	-2.623	-1.123	-1.573	-1.834	-2.259	-2.103	-2.436	-2.674	-2.959	-2.885	-3.213	-3.296	-3.505	2.41210794	3
	0.000150	10.1139	0.78159219	0.7521	3.0055	3.6569	0.8883	-2.744	-1.193	-1.660	-1.925	-2.363	-2.204	-2.545	-2.787	-3.075	-3.001	-3.335	-3.419	-3.632	2.41211224	3
	0.000150	10.1139	0.78160286	0.7494	3.0550	3.6541	0.8260	-2.868	-1.262	-1.747	-2.018	-2.470	-2.306	-2.656	-2.903	-3.193	-3.119	-3.460	-3.545	-3.761	2.41211605	3
	0.000150	10.1139	0.78161246	0.7465	3.1028	3.6513	0.7654	-2.987	-1.327	-1.829	-2.106	-2.572	-2.403	-2.762	-3.014	-3.306	-3.233	-3.580	-3.667	-3.887	2.41211963	3
	0.000150	10.1139	0.78162146	0.7432	3.1510	3.6485	0.7040	-3.108	-1.388	-1.909	-2.192	-2.673	-2.500	-2.868	-3.124	-3.420	-3.346	-3.701	-3.790	-4.012	2.41212296	3
	0.000150	10.1139	0.78162980	0.7396	3.1986	3.6457	0.6431	-3.227	-1.446	-1.986	-2.275	-2.771	-2.593	-2.971	-3.233	-3.531	-3.457	-3.820	-3.910	-4.136	2.41212606	3
	0.000150	10.1139	0.78163761	0.7356	3.2445	3.6430	0.5840	-3.341	-1.499	-2.059	-2.354	-2.865	-2.682	-3.070	-3.337	-3.638	-3.565	-3.934	-4.025	-4.255	2.41212893	3
	0.000150	10.1139	0.78164101	0.7336	3.2636	3.6419	0.5594	-3.389	-1.522	-2.090	-2.388	-2.905	-2.720	-3.112	-3.381	-3.683	-3.609	-3.982	-4.074	-4.305	2.41213012	4
	0.000150	10.1139	0.78164101	0.7207	1.6502	3.9419	3.3652	0.645	0.728	0.721	0.718	0.700	0.705	0.694	0.683	0.659	0.677	0.656	0.645	0.618	2.41213012	4
	0.000150	10.1139	0.78164357	0.7207	1.6682	3.9321	3.3080	0.599	0.670	0.658	0.651	0.626	0.635	0.618	0.603	0.576	0.594	0.566	0.554	0.522	2.41213107	4
	0.000150	10.1139	0.78168690	0.7207	1.6741	3.9297	3.2922	0.585	0.652	0.639	0.631	0.605	0.614	0.596	0.580	0.552	0.570	0.540	0.527	0.495	2.41214705	4
	0.000150	10.1139	0.78169298	0.7207	1.6750	3.9293	3.2899	0.582	0.650	0.636	0.628	0.602	0.611	0.593	0.577	0.548	0.567	0.536	0.523	0.491	2.41214943	4
	0.000150	10.1139	0.78174168	0.7207	1.6747	3.9299	3.2928	0.583	0.651	0.638	0.630	0.604	0.613	0.595	0.579	0.551	0.570	0.539	0.527	0.495	2.41216731	4
	0.000150	10.1139	0.78179097	0.7207	1.6744	3.9305	3.2952	0.584	0.652	0.639	0.632	0.606	0.615	0.598	0.582	0.554	0.572	0.543	0.530	0.498	2.41218543	4
	0.000150	10.1139	0.78184062	0.7208	1.6742	3.9308	3.2969	0.584	0.653	0.641	0.633	0.608	0.616	0.599	0.584	0.556	0.574	0.545	0.532	0.501	2.41220379	4
	0.000150	10.1139	0.78189152	0.7208	1.6741	3.9309	3.2974	0.585	0.653	0.641	0.633	0.608	0.617	0.600	0.584	0.557	0.575	0.546	0.533	0.501	2.41222262	4
	0.000150	10.1139	0.78193879	0.7208	1.6741	3.9308	3.2968	0.585	0.653	0.641	0.633	0.608	0.616	0.599	0.584	0.556	0.574	0.545	0.532	0.501	2.41224003	4
	0.000150	10.1139	0.78198993	0.7208	1.6743	3.9302	3.2945	0.584	0.652	0.639	0.631	0.606	0.615	0.597	0.581	0.553	0.572	0.542	0.529	0.497	2.41225886	4
	0.000150	10.1139	0.78204250	0.7208	1.6747	3.9294	3.2908	0.583	0.650	0.637	0.629	0.603	0.612	0.594	0.578	0.549	0.568	0.537	0.525	0.492	2.41227818	4
	0.000150	10.1139	0.78208977	0.7208	1.6755	3.9282	3.2852	0.581	0.648	0.634	0.625	0.598	0.608	0.589	0.572	0.543	0.562	0.530	0.517	0.485	2.41229558	4
	0.000150	10.1139	0.78213942	0.7208	1.6766	3.9265	3.2774	0.579	0.645	0.630	0.620	0.592	0.602	0.582	0.564	0.534	0.553	0.520	0.507	0.474	2.41231394	4
	0.000150	10.1139	0.78218937	0.7209	1.6781	3.9242	3.2666	0.575	0.640	0.624	0.613	0.583	0.594	0.573	0.553	0.522	0.541	0.506	0.493	0.459	2.41233230	4
	0.000150	10.1139	0.78223664	0.7209	1.6797	3.9217	3.2551	0.571	0.635	0.617	0.605	0.573	0.585	0.562	0.542	0.509	0.528	0.491	0.478	0.442	2.41234970	4
	0.000150	10.1139	0.78228354	0.7209	1.6818	3.9187	3.2410	0.566	0.630	0.610	0.596	0.562	0.575	0.550	0.528	0.493	0.513	0.473	0.459	0.423	2.41236711	4
	0.000150	10.1139	0.78233147	0.7209	1.6843	3.9151	3.2240	0.559	0.625	0.602	0.587	0.549	0.563	0.536	0.511	0.474	0.494	0.452	0.438	0.400	2.41238475	4
	0.000150	10.1139	0.78238183	0.7209	1.6873	3.9107	3.2032	0.552	0.619	0.593	0.576	0.534	0.549	0.519	0.491	0.451	0.472	0.426	0.411	0.371	2.41240311	4
	0.000150	10.1139	0.78242940	0.7209	1.6905	3.9061	3.1816	0.544	0.615	0.586	0.565	0.519	0.536	0.503	0.472	0.427	0.449	0.400	0.384	0.343	2.41242075	4
	0.000150	10.1139	0.78247714	0.7209	1.6941	3.9008	3.1570	0.535	0.611	0.578	0.554	0.503	0.522	0.485	0.450	0.401	0.424	0.370	0.353	0.310	2.41243815	4
	0.000150	10.1139	0.78252637	0.7209	1.6983	3.8948	3.1287	0.524	0.612	0.573	0.545	0.486	0.508	0.465	0.426	0.371	0.395	0.336	0.319	0.274	2.41245627	4
	0.000150	10.1139	0.78257680	0.7209	1.7031	3.8879	3.0963	0.512	0.614	0.569	0.536	0.468	0.494	0.445	0.400	0.337	0.363	0.298	0.281	0.233	2.41247487	4
	0.000150	10.1139	0.78262383	0.7209	1.7079	3.8811	3.0642	0.500	0.621	0.569	0.530	0.453	0.482	0.427	0.376	0.306	0.333	0.263	0.244	0.193	2.41249228	4
	0.000150	10.1139	0.78262824	0.7209	1.7083	3.8804	3.0611	0.499	0.622	0.569	0.530	0.452	0.481	0.425	0.374	0.302	0.330	0.259	0.240	0.189	2.41249394	4
	0.000150	10.1139	0.78267151	0.7209	1.7128	3.8741	3.0314	0.488	0.630	0.571	0.527	0.440	0.472	0.410	0.354	0.274	0.304	0.227	0.207	0.154	2.41250968	4
	0.000150	10.1139	0.78271919	0.7209	1.7179	3.8669	2.9975	0.475	0.640	0.573	0.524	0.428	0.464	0.394	0.331	0.242	0.275	0.192	0.171	0.115	2.41252732	4
	0.000150	10.1139	0.78276944	0.7209	1.7238	3.8585	2.9581	0.461	0.653	0.579	0.524	0.416	0.456	0.378	0.308	0.208	0.244	0.152	0.130	0.071	2.41254568	4
	0.000150	10.1139	0.78281629	0.7209	1.7297	3.8500	2.9182	0.446	0.668	0.586	0.526	0.407	0.451	0.364	0.286	0.175	0.214	0.115	0.091	0.027	2.41256309	4
	0.000150	10.1139	0.78286558	0.7208	1.7362	3.8410	2.8756	0.429	0.684	0.594	0.530	0.398	0.446	0.349	0.265	0.140	0.183	0.075	0.049	-0.018	2.41258121	4
	0.000150	10.1139	0.78291333	0.7208	1.7428	3.8320	2.8332	0.413	0.702	0.603	0.533	0.389	0.441	0.335	0.243	0.107	0.154	0.037	0.009	-0.063	2.41259861	4
	0.000150	10.1139	0.78296131	0.7208	1.7492	3.8236	2.7932	0.397	0.719	0.612	0.537	0.382	0.438	0.322	0.224	0.077	0.127	0.002	-0.028	-0.105	2.41261625	4
	0.000150	10.1139	0.78300804	0.7208	1.7560	3.8148	2.7511	0.380	0.738	0.622	0.541	0.374	0.434	0.309	0.204	0.046	0.099	-0.034	-0.066	-0.148	2.41263342	4
	0.000150	10.1139	0.78305507	0.7207	1.7630	3.8066	2.7111	0.363	0.756	0.631	0.544	0.366	0.430	0.297	0.184	0.017	0.073	-0.069	-0.103	-0.190	2.41265082	4
	0.000150	10.1139	0.78310728	0.7207	1.7721	3.7963	2.6608	0.340	0.782	0.645	0.550	0.357	0.427	0.282	0.160	-0.019	0.039	-0.112	-0.148	-0.242	2.41266990	4
	0.000150	10.1139	0.78315908	0.7206	1.7837	3.7860	2.6078	0.311	0.816	0.662	0.555	0.348	0.423	0.264	0.133	-0.061	-0.001	-0.159	-0.198	-0.299	2.41268897	4
	0.000150	10.1139	0.78320611	0.7206	1.8002	3.7751	2.5481	0.270	0.838	0.668	0.549	0.327	0.409	0.236	0.095	-0.109	-0.051	-0.218	-0.259	-0.368	2.41270614	4
	0.000150	10.1139	0.78324026	0.7205	1.8249	3.7644	2.4803	0.208	0.830	0.645	0.517	0.282	0.369	0.184	0.035	-0.176	-0.117	-0.297	-0.342	-0.459	2.41271877	4
	0.000150	10.1139	0.78326064	0.7205	1.8542	3.7548	2.4124	0.134	0.806	0.607	0.471	0.223	0.314	0.119	-0.037	-0.255	-0.194	-0.385	-0.433	-0.557	2.41272616	4
	0.000150	10.1139	0.78327024	0.7204	1.8855	3.7463	2.3473	0.056	0.772	0.561	0.418	0.159	0.254	0.050	-0.113	-0.338	-0.274	-0.475	-0.526	-0.656	2.41272974	4
	0.000150	10.1139	0.78327489	0.7204	1.9194	3.7387	2.2828	-0.029	0.729	0.505	0.356	0.087	0.186	-0.027	-0.195	-0.426	-0.361	-0.571	-0.623	-0.760	2.41273141	4
	0.000150	10.1139	0.78327739	0.7204	1.9572	3.7320	2.2183	-0.123	0.675	0.440	0.283	0.005	0.107	-0.114	-0.286	-0.522	-0.456	-0.674	-0.729	-0.871	2.41273236	4
	0.000150	10.1139	0.78327841	0.7204	1.9848	3.7281	2.1751	-0.192	0.630	0.388	0.227	-0.057	0.047	-0.178	-0.353	-0.592	-0.525	-0.748	-0.804	-0.949	2.41273284	7
	0.000150	10.1139	0.78327847	0.7204	1.9853	3.7280	2.1744	-0.193	0.629	0.387	0.226	-0.058	0.046	-0.179	-0.355	-0.593	-0.526	-0.749	-0.805	-0.951	2.41273284	7
	0.000150	10.1139	0.78327870	0.7204	1.9957	3.7268	2.1592	-0.219	0.611	0.366	0.204	-0.082	0.023	-0.203	-0.380	-0.619	-0.552	-0.777	-0.833	-0.979	2.41273284	7
	0.000150	10.1139	0.78327960	0.7204	2.0357	3.7227	2.1027	-0.319	0.538	0.285	0.118	-0.174	-0.066	-0.298	-0.477	-0.720	-0.652	-0.881	-0.939	-1.089	2.41273332	7
	0.000150	10.1139	0.78328049	0.7204	2.0767	3.7190	2.0470	-0.422	0.460	0.199	0.028	-0.268	-0.159	-0.395	-0.577	-0.822	-0.753	-0.988	-1.047	-1.199	2.41273355	7
	0.000150	10.1139	0.78328139	0.7204	2.1166	3.7158	1.9942	-0.521	0.384	0.116	-0.059	-0.361	-0.249	-0.490	-0.674	-0.921	-0.852	-1.091	-1.151	-1.306	2.41273379	7
	0.000150	10.1139	0.78328222	0.7204	2.1537	3.7131	1.9461	-0.614	0.311	0.037	-0.142	-0.448	-0.334	-0.578	-0.766	-1.014	-0.945	-1.187	-1.248	-1.406	2.41273427	7
	0.000150	10.1139	0.78328365	0.7204	2.1825	3.7112	1.9098	-0.686	0.253	-0.025	-0.206	-0.515	-0.401	-0.647	-0.836	-1.086	-1.016	-1.262	-1.323	-1.482	2.41273475	7
	0.000150	10.1139	0.78328621	0.7203	2.1538	3.7134	1.9474	-0.615	0.308	0.035	-0.143	-0.449	-0.336	-0.579	-0.766	-1.015	-0.945	-1.187	-1.248	-1.405	2.41273570	7
	0.000150	10.1139	0.78330272	0.7202	2.1335	3.7145	1.9719	-0.564	0.351	0.080	-0.097	-0.400	-0.288	-0.530	-0.716	-0.964	-0.894	-1.135	-1.195	-1.352	2.41274166	7
	0.000150	10.1139	0.78331822	0.7200	2.1654	3.7119	1.9295	-0.643	0.291	0.014	-0.166	-0.474	-0.360	-0.606	-0.794	-1.043	-0.973	-1.218	-1.279	-1.438	2.41274738	7
	0.000150	10.1139	0.78333700	0.7198	2.2120	3.7085	1.8693	-0.760	0.201	-0.084	-0.269	-0.583	-0.467	-0.716	-0.908	-1.159	-1.089	-1.338	-1.400	-1.562	2.41275430	7
	0.000150	10.1139	0.78335494	0.7195	2.2532	3.7058	1.8169	-0.863	0.121	-0.172	-0.361	-0.679	-0.561	-0.815	-1.008	-1.262	-1.191	-1.443	-1.507	-1.671	2.41276097	7
	0.000150	10.1139	0.78337151	0.7192	2.2944	3.7031	1.7651	-0.966	0.040	-0.260	-0.452	-0.775	-0.655	-0.913	-1.108	-1.364	-1.293	-1.549	-1.613	-1.779	2.41276693	7
	0.000150	10.1139	0.78338635	0.7189	2.3354	3.7006	1.7138	-1.068	-0.041	-0.347	-0.544	-0.871	-0.750	-1.011	-1.208	-1.465	-1.394	-1.653	-1.719	-1.887	2.41277242	7
	0.000150	10.1139	0.78339958	0.7186	2.3765	3.6982	1.6626	-1.171	-0.122	-0.435	-0.635	-0.967	-0.844	-1.108	-1.308	-1.567	-1.495	-1.758	-1.824	-1.995	2.41277719	7
	0.000150	10.1139	0.78341120	0.7183	2.4174	3.6957	1.6118	-1.274	-0.202	-0.522	-0.726	-1.062	-0.937	-1.205	-1.407	-1.667	-1.595	-1.862	-1.929	-2.102	2.41278148	7
	0.000150	10.1139	0.78342146	0.7180	2.4581	3.6934	1.5614	-1.375	-0.281	-0.608	-0.816	-1.156	-1.030	-1.301	-1.505	-1.767	-1.695	-1.965	-2.033	-2.208	2.41278529	7
	0.000150	10.1139	0.78343070	0.7176	2.4989	3.6910	1.5110	-1.477	-0.360	-0.695	-0.906	-1.251	-1.123	-1.398	-1.604	-1.868	-1.794	-2.068	-2.137	-2.314	2.41278863	7
	0.000150	10.1139	0.78343910	0.7173	2.5392	3.6887	1.4612	-1.578	-0.437	-0.779	-0.994	-1.344	-1.214	-1.492	-1.701	-1.966	-1.893	-2.170	-2.240	-2.419	2.41279173	7
	0.000150	10.1139	0.78344691	0.7169	2.5794	3.6863	1.4114	-1.679	-0.512	-0.862	-1.081	-1.436	-1.304	-1.587	-1.797	-2.064	-1.990	-2.271	-2.342	-2.524	2.41279459	7
	0.000150	10.1139	0.78345412	0.7164	2.6195	3.6840	1.3617	-1.779	-0.587	-0.945	-1.167	-1.527	-1.394	-1.680	-1.892	-2.161	-2.088	-2.372	-2.444	-2.628	2.41279721	7
	0.000150	10.1139	0.78346092	0.7160	2.6595	3.6817	1.3120	-1.879	-0.661	-1.027	-1.253	-1.618	-1.483	-1.773	-1.988	-2.258	-2.185	-2.473	-2.546	-2.732	2.41279984	7
	0.000150	10.1139	0.78346741	0.7154	2.6994	3.6793	1.2625	-1.979	-0.734	-1.108	-1.338	-1.709	-1.571	-1.866	-2.083	-2.354	-2.281	-2.573	-2.647	-2.836	2.41280222	7
	0.000150	10.1139	0.78347367	0.7148	2.7395	3.6770	1.2126	-2.079	-0.806	-1.188	-1.422	-1.799	-1.659	-1.958	-2.177	-2.450	-2.377	-2.673	-2.748	-2.939	2.41280437	7
	0.000150	10.1139	0.78347951	0.7142	2.7801	3.6746	1.1620	-2.180	-0.878	-1.269	-1.507	-1.889	-1.748	-2.051	-2.273	-2.548	-2.474	-2.774	-2.850	-3.044	2.41280651	7
	0.000150	10.1139	0.78348470	0.7135	2.8214	3.6721	1.1104	-2.284	-0.951	-1.352	-1.593	-1.982	-1.839	-2.146	-2.370	-2.647	-2.573	-2.878	-2.955	-3.151	2.41280842	7
	0.000150	10.1139	0.78348899	0.7129	2.8626	3.6696	1.0586	-2.387	-1.022	-1.433	-1.678	-2.073	-1.928	-2.240	-2.467	-2.745	-2.671	-2.980	-3.059	-3.257	2.41281009	7
	0.000150	10.1139	0.78349274	0.7122	2.9043	3.6670	1.0064	-2.491	-1.092	-1.513	-1.762	-2.164	-2.016	-2.334	-2.563	-2.844	-2.769	-3.083	-3.163	-3.364	2.41281152	7
	0.000150	10.1139	0.78349608	0.7115	2.9453	3.6644	0.9546	-2.593	-1.153	-1.587	-1.841	-2.254	-2.102	-2.426	-2.660	-2.942	-2.868	-3.187	-3.268	-3.472	2.41281271	7
	0.000150	10.1139	0.78349948	0.7107	2.9874	3.6617	0.9012	-2.698	-1.213	-1.662	-1.921	-2.345	-2.190	-2.521	-2.758	-3.043	-2.969	-3.294	-3.376	-3.583	2.41281390	7
	0.000150	10.1139	0.78350264	0.7098	3.0336	3.6588	0.8426	-2.814	-1.276	-1.742	-2.007	-2.443	-2.284	-2.624	-2.866	-3.153	-3.079	-3.411	-3.494	-3.705	2.41281509	7
	0.000150	10.1139	0.78350401	0.7094	3.0616	3.6570	0.8072	-2.884	-1.313	-1.789	-2.058	-2.503	-2.341	-2.686	-2.931	-3.219	-3.145	-3.481	-3.565	-3.778	2.41281557	7
	0.000150	10.1139	0.78350449	0.7092	3.0550	3.6574	0.8154	-2.867	-1.304	-1.778	-2.046	-2.489	-2.327	-2.671	-2.915	-3.203	-3.129	-3.465	-3.549	-3.761	2.41281581	7
	0.000150	10.1139	0.78350455	0.7092	3.0383	3.6584	0.8361	-2.826	-1.282	-1.749	-2.015	-2.453	-2.293	-2.634	-2.877	-3.164	-3.090	-3.423	-3.506	-3.717	2.41281581	7
	0.000150	10.1139	0.78350461	0.7092	3.0188	3.6597	0.8606	-2.777	-1.256	-1.716	-1.979	-2.412	-2.254	-2.591	-2.832	-3.118	-3.044	-3.374	-3.456	-3.666	2.41281581	7
	0.000150	10.1139	0.78350472	0.7091	3.0221	3.6596	0.8572	-2.785	-1.263	-1.724	-1.987	-2.420	-2.262	-2.600	-2.840	-3.126	-3.052	-3.383	-3.465	-3.675	2.41281581	7
	0.000150	10.1139	0.78350484	0.7091	3.0404	3.6585	0.8343	-2.831	-1.287	-1.755	-2.021	-2.459	-2.299	-2.640	-2.882	-3.169	-3.095	-3.428	-3.512	-3.723	2.41281581	7
	0.000150	10.1139	0.78350502	0.7090	3.0719	3.6564	0.7943	-2.910	-1.327	-1.807	-2.077	-2.525	-2.362	-2.709	-2.954	-3.243	-3.170	-3.507	-3.592	-3.805	2.41281605	7
	0.000150	10.1139	0.78350520	0.7090	3.1184	3.6532	0.7351	-3.026	-1.383	-1.882	-2.158	-2.621	-2.453	-2.810	-3.060	-3.352	-3.279	-3.624	-3.710	-3.927	2.41281605	7
	0.000150	10.1139	0.78350556	0.7088	3.1756	3.6492	0.6615	-3.169	-1.447	-1.971	-2.255	-2.737	-2.563	-2.933	-3.190	-3.485	-3.412	-3.767	-3.855	-4.077	2.41281605	7
	0.000150	10.1139	0.78350616	0.7085	3.2258	3.6455	0.5967	-3.294	-1.496	-2.044	-2.336	-2.836	-2.657	-3.038	-3.301	-3.600	-3.527	-3.891	-3.981	-4.208	2.41281629	7
	0.000150	10.1139	0.78350645	0.7083	3.2314	3.6452	0.5895	-3.308	-1.502	-2.052	-2.345	-2.847	-2.667	-3.050	-3.314	-3.613	-3.540	-3.905	-3.995	-4.222	2.41281652	7
	0.000150	10.1139	0.78350645	0.7083	3.2314	3.6451	0.5894	-3.308	-1.502	-2.052	-2.344	-2.847	-2.667	-3.050	-3.314	-3.613	-3.540	-3.905	-3.995	-4.222	2.41281652	8
