# File generated by CMD 2.8 (http://stev.oapd.inaf.it/cmd) on Sun Oct 16 06:02:30 CEST 2016
# isochrones PARSEC release v1.2S + COLIBRI release PR16
# Basic references: Bressan et al. (2012), MNRAS, 427, 127 + Chen et al. (2014, 2015), MNRAS, 444, 2525 + MNRAS, 452, 1068 + Tang et al. (2014), MNRAS, 445, 4287 + Rosenfield et al. (2016, arXiv:1603.05283)
# Photometric system: HST/ACS WFC
# Using NBC version of bolometric corrections as in Chen et al. (2014), MNRAS, 444, 2525
# BCs of Carbon stars derive from Aringer et al. (2009, A&A 503, 913)
# O-rich circumstellar dust ignored
# C-rich circumstellar dust ignored
# IMF: Kroupa (2001, 2002) + Kroupa et al. (2013) canonical two-part-power law IMF corrected for unresolved binaries 
# On RGB, assumed Reimers mass loss with efficiency eta=0.2
# Kind of output: isochrone tables
#	Isochrone  Z = 0.00015	Y = 0.24900	[M/H] = -2.015	eta_R = 0.200	Age = 	1.3000e+10 yr
#      Z	log(age/yr)	M_ini   	M_act	logL/Lo	logTe	logG	mbol    F435W   F475W   F502N   F550M   F555W   F606W   F625W   F658N   F660N   F775W   F814W   F850LP	C/O	M_hec	period	pmode	logMdot	slope	int_IMF	stage
	0.000150	10.1139	0.0941503793	0.0941	-3.0246	3.5176	5.4587	12.331	15.889	15.159	15.460	13.741	14.125	13.435	13.053	12.280	12.329	11.750	11.575	11.207	0.4787	0.0000	0.0	1	-18.019	0.000	1.1202970743	1
	0.000150	10.1139	0.1076535955	0.1077	-2.6905	3.5614	5.3582	11.496	14.211	13.619	13.646	12.458	12.766	12.156	11.791	11.326	11.409	10.908	10.775	10.468	0.4787	0.0000	0.0	1	-17.961	0.000	1.2320344448	1
	0.000150	10.1139	0.1083007455	0.1083	-2.6755	3.5634	5.3537	11.459	14.140	13.553	13.569	12.405	12.709	12.103	11.740	11.284	11.368	10.870	10.739	10.434	0.4787	0.0000	0.0	1	-17.958	0.000	1.2369270325	1
	0.000150	10.1139	0.1283007413	0.1283	-2.4257	3.5872	5.2727	10.834	13.130	12.598	12.494	11.599	11.862	11.319	10.981	10.605	10.695	10.238	10.123	9.844	0.4787	0.0000	0.0	1	-17.884	0.000	1.3716858625	1
	0.000150	10.1139	0.1483007371	0.1483	-2.2574	3.5994	5.2161	10.413	12.533	12.026	11.877	11.095	11.339	10.835	10.512	10.158	10.249	9.813	9.704	9.437	0.4787	0.0000	0.0	1	-17.822	0.000	1.4815744162	1
	0.000150	10.1139	0.1766014993	0.1766	-2.0812	3.6099	5.1578	9.973	11.953	11.465	11.289	10.587	10.816	10.343	10.035	9.695	9.784	9.368	9.264	9.008	0.4787	0.0000	0.0	1	-17.746	0.000	1.6078635454	1
	0.000150	10.1139	0.1952831596	0.1953	-1.9863	3.6150	5.1271	9.736	11.651	11.173	10.986	10.318	10.540	10.082	9.781	9.446	9.535	9.127	9.026	8.776	0.4787	0.0000	0.0	1	-17.702	0.000	1.6776274443	1
	0.000150	10.1139	0.2207518816	0.2207	-1.8705	3.6213	5.0897	9.446	11.285	10.817	10.619	9.991	10.204	9.764	9.471	9.143	9.231	8.834	8.736	8.493	0.4787	0.0000	0.0	1	-17.649	0.000	1.7598799467	1
	0.000150	10.1139	0.2707518637	0.2707	-1.6906	3.6313	5.0385	8.997	10.718	10.266	10.057	9.483	9.682	9.270	8.990	8.671	8.758	8.380	8.286	8.052	0.4787	0.0000	0.0	1	-17.164	0.000	1.8903269768	1
	0.000150	10.1139	0.3499999940	0.3500	-1.4747	3.6449	4.9883	8.457	10.031	9.601	9.383	8.870	9.053	8.673	8.409	8.103	8.187	7.832	7.745	7.525	0.4787	0.0000	0.0	1	-15.844	0.000	2.0434174538	1
	0.000150	10.1139	0.4000000060	0.4000	-1.3484	3.6537	4.9553	8.141	9.626	9.212	8.991	8.511	8.685	8.324	8.069	7.771	7.853	7.513	7.430	7.219	0.4787	0.0000	0.0	1	-15.157	0.000	2.1185026169	1
	0.000150	10.1139	0.4499999881	0.4499	-1.1938	3.6685	4.9111	7.755	9.098	8.709	8.488	8.057	8.216	7.885	7.647	7.361	7.439	7.124	7.047	6.850	0.4787	0.0000	0.0	1	-14.552	0.000	2.1822810173	1
	0.000150	10.1139	0.5000000000	0.4999	-1.0209	3.6856	4.8524	7.322	8.516	8.159	7.945	7.561	7.704	7.403	7.182	6.910	6.984	6.694	6.624	6.443	0.4787	0.0000	0.0	1	-14.010	0.000	2.2374541759	1
	0.000150	10.1139	0.5500000119	0.5499	-0.8103	3.7062	4.7655	6.796	7.831	7.514	7.316	6.974	7.101	6.832	6.629	6.373	6.442	6.181	6.117	5.955	0.4787	0.0000	0.0	1	-13.520	0.000	2.2836582661	1
	0.000150	10.1139	0.6000000238	0.5998	-0.5945	3.7324	4.6921	6.256	7.119	6.854	6.682	6.381	6.492	6.257	6.075	5.838	5.901	5.673	5.618	5.477	0.4787	0.0000	0.0	1	-13.073	0.000	2.3211214542	1
	0.000150	10.1139	0.6044172049	0.6042	-0.5743	3.7351	4.6858	6.206	7.054	6.793	6.624	6.326	6.437	6.204	6.024	5.789	5.852	5.627	5.573	5.433	0.4787	0.0000	0.0	1	-13.036	0.000	2.3240900040	1
	0.000150	10.1139	0.6141144037	0.6139	-0.5296	3.7410	4.6716	6.094	6.909	6.659	6.495	6.206	6.313	6.088	5.912	5.681	5.742	5.524	5.472	5.338	0.4787	0.0000	0.0	1	-12.954	0.000	2.3304355145	1
	0.000150	10.1139	0.6235272884	0.6233	-0.4858	3.7466	4.6569	5.984	6.770	6.530	6.372	6.090	6.194	5.975	5.803	5.577	5.637	5.425	5.374	5.244	0.4787	0.0000	0.0	1	-12.876	0.000	2.3363780975	1
	0.000150	10.1139	0.6346154213	0.6344	-0.4335	3.7532	4.6386	5.854	6.607	6.378	6.225	5.952	6.053	5.841	5.674	5.453	5.511	5.307	5.258	5.133	0.4787	0.0000	0.0	1	-12.785	0.000	2.3431191444	1
	0.000150	10.1139	0.6444447637	0.6442	-0.3866	3.7589	4.6212	5.737	6.462	6.243	6.095	5.830	5.927	5.722	5.559	5.342	5.399	5.201	5.154	5.034	0.4787	0.0000	0.0	1	-12.707	0.000	2.3488721848	1
	0.000150	10.1139	0.6499999762	0.6497	-0.3598	3.7621	4.6108	5.669	6.380	6.166	6.021	5.760	5.856	5.655	5.494	5.278	5.335	5.141	5.095	4.977	0.4787	0.0000	0.0	1	-12.663	0.000	2.3520355225	1
	0.000150	10.1139	0.6539878249	0.6537	-0.3403	3.7643	4.6028	5.621	6.322	6.111	5.968	5.710	5.805	5.605	5.446	5.233	5.288	5.097	5.051	4.935	0.4787	0.0000	0.0	1	-12.631	0.000	2.3542680740	1
	0.000150	10.1139	0.6634811163	0.6631	-0.2928	3.7695	4.5823	5.502	6.181	5.978	5.840	5.587	5.680	5.486	5.330	5.121	5.175	4.989	4.945	4.832	0.4787	0.0000	0.0	1	-12.557	0.000	2.3594589233	1
	0.000150	10.1139	0.6725440621	0.6722	-0.2462	3.7744	4.5612	5.385	6.046	5.850	5.716	5.469	5.560	5.371	5.218	5.011	5.066	4.885	4.842	4.732	0.4787	0.0000	0.0	1	-12.488	0.000	2.3642575741	1
	0.000150	10.1139	0.6805870533	0.6802	-0.2034	3.7787	4.5408	5.278	5.923	5.733	5.602	5.361	5.450	5.265	5.116	4.911	4.966	4.788	4.747	4.640	0.4787	0.0000	0.0	1	-12.427	0.000	2.3683934212	1
	0.000150	10.1139	0.6883798838	0.6880	-0.1604	3.7828	4.5192	5.171	5.797	5.614	5.489	5.254	5.340	5.161	5.016	4.815	4.871	4.696	4.655	4.551	0.4787	0.0000	0.0	1	-12.368	0.000	2.3722946644	1
	0.000150	10.1139	0.6976039410	0.6971	-0.1070	3.7877	4.4910	5.037	5.639	5.467	5.348	5.121	5.204	5.032	4.892	4.697	4.754	4.582	4.543	4.442	0.4787	0.0000	0.0	1	-12.300	0.000	2.3767831326	1
	0.000150	10.1139	0.6999999881	0.6995	-0.0928	3.7889	4.4833	5.002	5.597	5.428	5.311	5.086	5.167	4.998	4.859	4.665	4.722	4.551	4.513	4.413	0.4787	0.0000	0.0	1	-12.283	0.000	2.3779268265	1
	0.000150	10.1139	0.7008422017	0.7004	-0.0878	3.7893	4.4805	4.989	5.583	5.414	5.298	5.073	5.155	4.985	4.847	4.654	4.711	4.540	4.502	4.403	0.4787	0.0000	0.0	1	-12.277	0.000	2.3783266544	1
	0.000150	10.1139	0.7081541419	0.7076	-0.0419	3.7930	4.4536	4.875	5.451	5.289	5.177	4.958	5.037	4.873	4.738	4.549	4.607	4.438	4.400	4.304	0.4787	0.0000	0.0	1	-12.227	0.000	2.3817524910	1
	0.000150	10.1139	0.7169069052	0.7163	0.0164	3.7972	4.4176	4.729	5.286	5.130	5.023	4.811	4.888	4.729	4.598	4.413	4.471	4.305	4.269	4.176	0.4787	0.0000	0.0	1	-12.165	0.000	2.3857476711	1
	0.000150	10.1139	0.7235474586	0.7229	0.0639	3.8003	4.3865	4.610	5.153	5.002	4.899	4.691	4.766	4.611	4.482	4.302	4.360	4.196	4.161	4.070	0.4787	0.0000	0.0	1	-12.118	0.000	2.3887047768	1
	0.000150	10.1139	0.7315695882	0.7309	0.1260	3.8039	4.3434	4.455	4.983	4.837	4.735	4.532	4.606	4.454	4.329	4.151	4.208	4.048	4.014	3.926	0.4787	0.0000	0.0	1	-12.061	0.000	2.3921949863	1
	0.000150	10.1139	0.7388592362	0.7381	0.1882	3.8068	4.2973	4.300	4.815	4.672	4.573	4.374	4.446	4.298	4.174	3.999	4.056	3.898	3.865	3.780	0.4787	0.0000	0.0	1	-12.009	0.000	2.3952908516	1
	0.000150	10.1139	0.7455146909	0.7447	0.2505	3.8092	4.2482	4.144	4.648	4.508	4.411	4.215	4.286	4.140	4.019	3.846	3.902	3.747	3.715	3.631	0.4787	0.0000	0.0	1	-11.962	0.000	2.3980567455	1
	0.000150	10.1139	0.7500000000	0.7491	0.2961	3.8104	4.2100	4.030	4.528	4.389	4.293	4.099	4.169	4.025	3.904	3.733	3.789	3.635	3.603	3.520	0.4787	0.0000	0.0	1	-11.931	0.000	2.3998889923	1
	0.000150	10.1139	0.7526784539	0.7517	0.3237	3.8112	4.1871	3.961	4.454	4.317	4.221	4.029	4.098	3.955	3.835	3.665	3.720	3.568	3.536	3.453	0.4787	0.0000	0.0	1	-11.912	0.000	2.4009711742	1
	0.000150	10.1139	0.7567383647	0.7557	0.3696	3.8118	4.1459	3.846	4.335	4.199	4.103	3.912	3.981	3.839	3.720	3.550	3.606	3.454	3.422	3.340	0.4787	0.0000	0.1	1	-11.885	0.000	2.4025948048	1
	0.000150	10.1139	0.7609611154	0.7598	0.4241	3.8108	4.0897	3.710	4.199	4.062	3.967	3.775	3.845	3.702	3.582	3.411	3.467	3.314	3.283	3.200	0.4787	0.0000	0.1	1	-11.856	0.000	2.4042623043	1
	0.000150	10.1139	0.7644782066	0.7633	0.4760	3.8080	4.0287	3.580	4.075	3.937	3.840	3.645	3.716	3.570	3.449	3.276	3.332	3.178	3.146	3.061	0.4787	0.0000	0.1	1	-11.833	0.000	2.4056348801	1
	0.000150	10.1139	0.7657979131	0.7646	0.4976	3.8064	4.0016	3.526	4.026	3.886	3.788	3.592	3.663	3.516	3.394	3.219	3.276	3.121	3.088	3.002	0.4787	0.0000	0.1	1	-11.824	0.000	2.4061462879	2
	0.000150	10.1139	0.7669025064	0.7656	0.5183	3.8042	3.9724	3.474	3.980	3.838	3.740	3.541	3.613	3.464	3.341	3.163	3.221	3.064	3.030	2.943	0.4787	0.0000	0.1	1	-11.817	0.000	2.4065728188	2
	0.000150	10.1139	0.7687082887	0.7674	0.5559	3.7989	3.9148	3.380	3.903	3.756	3.654	3.449	3.523	3.369	3.243	3.060	3.119	2.958	2.923	2.831	0.4787	0.0000	0.1	1	-11.805	0.000	2.4072668552	2
	0.000150	10.1139	0.7701153159	0.7687	0.5903	3.7924	3.8551	3.294	3.844	3.686	3.579	3.366	3.443	3.282	3.150	2.959	3.019	2.854	2.817	2.721	0.4787	0.0000	0.1	1	-11.796	0.000	2.4078049660	2
	0.000150	10.1139	0.7712420225	0.7698	0.6223	3.7848	3.7932	3.214	3.799	3.630	3.513	3.290	3.371	3.201	3.061	2.862	2.921	2.753	2.714	2.612	0.4787	0.0000	0.1	1	-11.789	0.000	2.4082343578	2
	0.000150	10.1139	0.7721737623	0.7707	0.6522	3.7766	3.7311	3.140	3.762	3.580	3.454	3.221	3.306	3.126	2.980	2.773	2.831	2.657	2.616	2.508	0.4787	0.0000	0.1	1	-11.784	0.000	2.4085884094	2
	0.000150	10.1139	0.7729807496	0.7715	0.6813	3.7687	3.6706	3.067	3.721	3.529	3.397	3.154	3.243	3.054	2.903	2.692	2.749	2.568	2.524	2.411	0.4787	0.0000	0.1	1	-11.779	0.000	2.4088940620	2
	0.000150	10.1139	0.7737014890	0.7721	0.7125	3.7610	3.6090	2.989	3.676	3.474	3.335	3.084	3.176	2.980	2.823	2.607	2.666	2.477	2.430	2.312	0.4787	0.0000	0.1	1	-11.774	0.000	2.4091665745	2
	0.000150	10.1139	0.7742756605	0.7727	0.7443	3.7550	3.5539	2.909	3.624	3.413	3.270	3.011	3.106	2.904	2.743	2.522	2.583	2.387	2.339	2.216	0.4787	0.0000	0.1	1	-11.771	0.000	2.4093832970	2
	0.000150	10.1139	0.7748527527	0.7732	0.7841	3.7498	3.4933	2.810	3.548	3.330	3.183	2.918	3.015	2.808	2.644	2.418	2.481	2.279	2.230	2.103	0.4787	0.0000	0.2	1	-11.768	0.000	2.4096007347	2
	0.000150	10.1139	0.7753230929	0.7736	0.8232	3.7462	3.4401	2.712	3.468	3.244	3.095	2.825	2.924	2.713	2.547	2.318	2.382	2.176	2.125	1.995	0.4787	0.0000	0.2	1	-11.765	0.000	2.4097776413	2
	0.000150	10.1139	0.7755706906	0.7738	0.8455	3.7445	3.4112	2.656	3.420	3.194	3.043	2.772	2.871	2.659	2.491	2.261	2.325	2.118	2.067	1.935	0.4787	0.0000	0.2	1	-11.764	0.000	2.4098706245	3
	0.000150	10.1139	0.7758677602	0.7741	0.8753	3.7429	3.3751	2.582	3.353	3.125	2.973	2.700	2.800	2.586	2.417	2.186	2.251	2.041	1.989	1.857	0.4787	0.0000	0.2	1	-11.762	0.000	2.4099822044	3
	0.000150	10.1139	0.7762571573	0.7744	0.9159	3.7409	3.3266	2.480	3.261	3.030	2.877	2.601	2.702	2.486	2.316	2.083	2.148	1.937	1.884	1.750	0.4787	0.0000	0.2	1	-11.760	0.000	2.4101281166	3
	0.000150	10.1139	0.7766494751	0.7748	0.9595	3.7390	3.2758	2.371	3.162	2.928	2.773	2.495	2.597	2.379	2.207	1.974	2.039	1.826	1.773	1.637	0.4787	0.0000	0.2	1	-11.758	0.000	2.4102752209	3
	0.000150	10.1139	0.7770252824	0.7751	1.0039	3.7374	3.2251	2.260	3.059	2.823	2.666	2.387	2.489	2.269	2.097	1.863	1.928	1.713	1.659	1.522	0.4787	0.0000	0.2	1	-11.756	0.000	2.4104158878	3
	0.000150	10.1139	0.7774247527	0.7754	1.0542	3.7357	3.1681	2.134	2.942	2.703	2.545	2.264	2.367	2.145	1.972	1.737	1.803	1.585	1.531	1.392	0.4787	0.0000	0.3	1	-11.754	0.000	2.4105651379	3
	0.000150	10.1139	0.7777599096	0.7756	1.0996	3.7342	3.1170	2.021	2.836	2.595	2.436	2.153	2.257	2.034	1.860	1.623	1.690	1.470	1.416	1.276	0.4787	0.0000	0.3	1	-11.753	0.000	2.4106903076	3
	0.000150	10.1139	0.7780990005	0.7759	1.1491	3.7328	3.0616	1.897	2.720	2.477	2.317	2.032	2.137	1.912	1.737	1.499	1.566	1.345	1.290	1.149	0.4787	0.0000	0.3	1	-11.752	0.000	2.4108166695	3
	0.000150	10.1139	0.7784317732	0.7761	1.2020	3.7312	3.0025	1.765	2.596	2.351	2.189	1.903	2.008	1.781	1.605	1.367	1.434	1.211	1.156	1.013	0.4787	0.0000	0.4	1	-11.750	0.000	2.4109406471	3
	0.000150	10.1139	0.7787002921	0.7762	1.2488	3.7297	2.9501	1.648	2.486	2.239	2.076	1.788	1.894	1.666	1.489	1.250	1.317	1.093	1.037	0.893	0.4787	0.0000	0.4	1	-11.750	0.000	2.4110405445	3
	0.000150	10.1139	0.7789593339	0.7763	1.2978	3.7283	2.8952	1.525	2.371	2.122	1.958	1.668	1.775	1.545	1.367	1.127	1.195	0.969	0.912	0.767	0.4787	0.0000	0.4	1	-11.749	0.000	2.4111371040	3
	0.000150	10.1139	0.7791920900	0.7764	1.3460	3.7268	2.8414	1.405	2.258	2.007	1.842	1.550	1.657	1.427	1.248	1.007	1.074	0.847	0.790	0.644	0.4787	0.0000	0.5	1	-11.749	0.000	2.4112234116	3
	0.000150	10.1139	0.7794029117	0.7765	1.3936	3.7253	2.7877	1.286	2.147	1.894	1.727	1.434	1.542	1.310	1.130	0.888	0.956	0.727	0.669	0.522	0.4787	0.0000	0.5	1	-11.749	0.000	2.4113018513	3
	0.000150	10.1139	0.7795916200	0.7765	1.4403	3.7238	2.7351	1.169	2.038	1.783	1.615	1.320	1.429	1.195	1.014	0.771	0.839	0.609	0.551	0.402	0.4787	0.0000	0.6	1	-11.749	0.000	2.4113719463	3
	0.000150	10.1139	0.7797701359	0.7765	1.4887	3.7223	2.6806	1.048	1.926	1.668	1.499	1.202	1.311	1.076	0.894	0.650	0.719	0.486	0.428	0.278	0.4787	0.0000	0.6	1	-11.749	0.000	2.4114379883	3
	0.000150	10.1139	0.7799287438	0.7764	1.5358	3.7207	2.6272	0.930	1.816	1.556	1.386	1.088	1.197	0.960	0.778	0.532	0.601	0.367	0.308	0.157	0.4787	0.0000	0.7	1	-11.750	0.000	2.4114968777	3
	0.000150	10.1139	0.7800695896	0.7764	1.5817	3.7192	2.5751	0.816	1.711	1.448	1.276	0.976	1.086	0.848	0.664	0.418	0.487	0.251	0.192	0.039	0.4787	0.0000	0.8	1	-11.750	0.000	2.4115490913	3
	0.000150	10.1139	0.7801972628	0.7763	1.6269	3.7177	2.5238	0.703	1.607	1.341	1.168	0.866	0.977	0.738	0.553	0.305	0.375	0.137	0.078	-0.077	0.4787	0.0000	0.8	1	-11.751	0.000	2.4115965366	3
	0.000150	10.1139	0.7803169489	0.7761	1.6731	3.7161	2.4711	0.587	1.501	1.233	1.058	0.754	0.866	0.624	0.439	0.190	0.260	0.020	-0.040	-0.195	0.4787	0.0000	0.9	1	-11.752	0.000	2.4116408825	3
	0.000150	10.1139	0.7804226279	0.7760	1.7176	3.7145	2.4201	0.476	1.400	1.129	0.952	0.646	0.758	0.515	0.328	0.079	0.149	-0.093	-0.153	-0.310	0.4787	0.0000	1.0	1	-11.754	0.000	2.4116799831	3
	0.000150	10.1139	0.7805202603	0.7758	1.7623	3.7129	2.3690	0.364	1.299	1.024	0.846	0.537	0.651	0.405	0.217	-0.033	0.037	-0.207	-0.268	-0.426	0.4787	0.0000	1.1	1	-11.756	0.000	2.4117159843	3
	0.000150	10.1139	0.7806099057	0.7756	1.8070	3.7113	2.3178	0.253	1.198	0.920	0.740	0.429	0.543	0.296	0.107	-0.145	-0.074	-0.320	-0.381	-0.541	0.4787	0.0000	1.2	1	-11.757	0.000	2.4117491245	3
	0.000150	10.1139	0.7806895375	0.7754	1.8499	3.7096	2.2682	0.145	1.102	0.820	0.638	0.325	0.440	0.191	0.001	-0.252	-0.181	-0.429	-0.491	-0.652	0.4787	0.0000	1.3	1	-11.760	0.000	2.4117786884	3
	0.000150	10.1139	0.7807631493	0.7751	1.8929	3.7081	2.2188	0.038	1.006	0.721	0.537	0.221	0.337	0.086	-0.105	-0.359	-0.288	-0.538	-0.600	-0.762	0.4787	0.0000	1.4	1	-11.762	0.000	2.4118058681	3
	0.000150	10.1139	0.7808338404	0.7749	1.9375	3.7064	2.1673	-0.074	0.907	0.618	0.431	0.114	0.231	-0.022	-0.215	-0.470	-0.398	-0.651	-0.714	-0.877	0.4787	0.0000	1.5	1	-11.764	0.000	2.4118320942	3
	0.000150	10.1139	0.7808943987	0.7747	1.9789	3.7048	2.1192	-0.177	0.816	0.523	0.334	0.014	0.132	-0.123	-0.317	-0.573	-0.501	-0.756	-0.819	-0.984	0.4787	0.0000	1.7	1	-11.766	0.000	2.4118545055	3
	0.000150	10.1139	0.7809503675	0.7744	2.0201	3.7032	2.0715	-0.280	0.726	0.428	0.238	-0.085	0.034	-0.223	-0.419	-0.675	-0.603	-0.860	-0.924	-1.090	0.4787	0.0000	1.8	1	-11.769	0.000	2.4118752480	3
	0.000150	10.1139	0.7810038328	0.7741	2.0626	3.7015	2.0224	-0.386	0.632	0.331	0.138	-0.187	-0.067	-0.326	-0.523	-0.780	-0.708	-0.967	-1.032	-1.199	0.4787	0.0000	2.0	1	-11.772	0.000	2.4118947983	3
	0.000150	10.1139	0.7810505033	0.7738	2.1021	3.6999	1.9760	-0.485	0.547	0.242	0.047	-0.281	-0.160	-0.422	-0.620	-0.878	-0.806	-1.067	-1.132	-1.301	0.4787	0.0000	2.1	1	-11.775	0.000	2.4119122028	3
	0.000150	10.1139	0.7810942531	0.7734	2.1410	3.6983	1.9306	-0.582	0.464	0.154	-0.044	-0.374	-0.252	-0.516	-0.715	-0.975	-0.902	-1.166	-1.232	-1.402	0.4787	0.0000	2.3	1	-11.778	0.000	2.4119284153	3
	0.000150	10.1139	0.7811397910	0.7730	2.1801	3.6968	1.8852	-0.680	0.380	0.065	-0.135	-0.468	-0.345	-0.611	-0.812	-1.072	-0.999	-1.265	-1.331	-1.503	0.4787	0.0000	2.5	1	-11.782	0.000	2.4119451046	3
	0.000150	10.1139	0.7811902165	0.7725	2.2079	3.6957	1.8528	-0.750	0.321	0.003	-0.199	-0.534	-0.410	-0.678	-0.880	-1.141	-1.068	-1.335	-1.402	-1.575	0.4787	0.0000	2.7	1	-11.787	0.000	2.4119637012	3
	0.000150	10.1139	0.7812141180	0.7722	2.2018	3.6962	1.8606	-0.735	0.331	0.015	-0.186	-0.521	-0.397	-0.664	-0.865	-1.126	-1.053	-1.319	-1.386	-1.559	0.4787	0.0000	2.6	1	-11.788	0.000	2.4119725227	3
	0.000150	10.1139	0.7812215686	0.7721	2.2101	3.6958	1.8507	-0.755	0.314	-0.003	-0.205	-0.540	-0.416	-0.684	-0.885	-1.146	-1.074	-1.340	-1.407	-1.580	0.4787	0.0000	2.7	1	-11.789	0.000	2.4119753838	3
	0.000150	10.1139	0.7812558413	0.7717	2.2529	3.6939	1.8002	-0.862	0.224	-0.099	-0.303	-0.642	-0.517	-0.787	-0.990	-1.252	-1.179	-1.449	-1.517	-1.691	0.4787	0.0000	2.9	1	-11.794	0.000	2.4119880199	3
	0.000150	10.1139	0.7812894583	0.7712	2.2974	3.6921	1.7482	-0.974	0.130	-0.198	-0.406	-0.748	-0.621	-0.894	-1.099	-1.362	-1.289	-1.561	-1.630	-1.806	0.4787	0.0000	3.2	1	-11.799	0.000	2.4120004177	3
	0.000150	10.1139	0.7813192606	0.7707	2.3395	3.6902	1.6980	-1.079	0.043	-0.291	-0.502	-0.848	-0.719	-0.995	-1.202	-1.466	-1.393	-1.668	-1.737	-1.915	0.4787	0.0000	3.5	1	-11.805	0.000	2.4120113850	3
	0.000150	10.1139	0.7813473344	0.7701	2.3820	3.6883	1.6476	-1.185	-0.043	-0.384	-0.598	-0.947	-0.818	-1.097	-1.305	-1.570	-1.497	-1.775	-1.845	-2.024	0.4787	0.0000	3.8	1	-11.811	0.000	2.4120218754	3
	0.000150	10.1139	0.7813745141	0.7694	2.4263	3.6863	1.5952	-1.296	-0.134	-0.481	-0.698	-1.052	-0.921	-1.202	-1.412	-1.679	-1.605	-1.886	-1.957	-2.138	0.4787	0.0000	4.2	1	-11.818	0.000	2.4120318890	3
	0.000150	10.1139	0.7813975215	0.7688	2.4665	3.6844	1.5468	-1.396	-0.214	-0.567	-0.788	-1.146	-1.013	-1.298	-1.509	-1.777	-1.703	-1.987	-2.059	-2.242	0.4787	0.0000	4.5	1	-11.826	0.000	2.4120402336	3
	0.000150	10.1139	0.7814199924	0.7680	2.5089	3.6825	1.4963	-1.502	-0.299	-0.659	-0.883	-1.245	-1.111	-1.398	-1.611	-1.881	-1.807	-2.094	-2.166	-2.351	0.4787	0.0000	4.9	1	-11.834	0.000	2.4120485783	3
	0.000150	10.1139	0.7814415097	0.7672	2.5524	3.6804	1.4442	-1.611	-0.385	-0.752	-0.979	-1.346	-1.210	-1.501	-1.716	-1.987	-1.913	-2.203	-2.276	-2.463	0.4787	0.0000	5.4	1	-11.844	0.000	2.4120564461	3
	0.000150	10.1139	0.7814642191	0.7661	2.6021	3.6780	1.3843	-1.735	-0.482	-0.857	-1.088	-1.460	-1.322	-1.618	-1.835	-2.107	-2.034	-2.327	-2.402	-2.591	0.4787	0.0000	6.0	1	-11.856	0.000	2.4120650291	3
	0.000150	10.1139	0.7814825177	0.7651	2.6456	3.6759	1.3319	-1.844	-0.566	-0.949	-1.182	-1.560	-1.420	-1.720	-1.939	-2.213	-2.139	-2.436	-2.511	-2.703	0.4787	0.0000	6.6	1	-11.868	0.000	2.4120717049	3
	0.000150	10.1139	0.7814983130	0.7641	2.6860	3.6739	1.2828	-1.945	-0.642	-1.033	-1.270	-1.652	-1.511	-1.814	-2.035	-2.310	-2.236	-2.537	-2.613	-2.807	0.4787	0.0000	7.1	1	-11.880	0.000	2.4120774269	3
	0.000150	10.1139	0.7815166116	0.7627	2.7362	3.6713	1.2215	-2.070	-0.736	-1.136	-1.377	-1.766	-1.623	-1.930	-2.154	-2.432	-2.357	-2.663	-2.740	-2.936	0.4787	0.0000	8.0	1	-11.897	0.000	2.4120843410	3
	0.000150	10.1139	0.7815309167	0.7614	2.7789	3.6693	1.1697	-2.177	-0.816	-1.224	-1.469	-1.863	-1.718	-2.029	-2.256	-2.534	-2.460	-2.769	-2.847	-3.046	0.4787	0.0000	8.7	1	-11.914	0.000	2.4120895863	3
	0.000150	10.1139	0.7815454006	0.7598	2.8255	3.6667	1.1119	-2.294	-0.898	-1.317	-1.565	-1.967	-1.819	-2.136	-2.365	-2.645	-2.571	-2.885	-2.964	-3.165	0.4787	0.0000	9.6	1	-11.934	0.000	2.4120948315	3
	0.000150	10.1139	0.7815580368	0.7582	2.8691	3.6645	1.0585	-2.403	-0.978	-1.405	-1.656	-2.064	-1.915	-2.236	-2.468	-2.749	-2.675	-2.993	-3.073	-3.277	0.4787	0.0000	10.6	1	-11.954	0.000	2.4120995998	3
	0.000150	10.1139	0.7815706134	0.7563	2.9159	3.6618	1.0002	-2.520	-1.059	-1.497	-1.753	-2.168	-2.016	-2.342	-2.577	-2.860	-2.785	-3.109	-3.190	-3.397	0.4787	0.0000	11.7	1	-11.980	0.000	2.4121041298	3
	0.000150	10.1139	0.7815809250	0.7544	2.9570	3.6596	0.9491	-2.623	-1.123	-1.573	-1.834	-2.259	-2.103	-2.436	-2.674	-2.959	-2.885	-3.213	-3.296	-3.505	0.4787	0.0000	12.8	1	-12.004	0.000	2.4121079445	3
	0.000150	10.1139	0.7815921903	0.7521	3.0055	3.6569	0.8883	-2.744	-1.193	-1.660	-1.925	-2.363	-2.204	-2.545	-2.787	-3.075	-3.001	-3.335	-3.419	-3.632	0.4787	0.0000	14.2	1	-12.037	0.000	2.4121122360	3
	0.000150	10.1139	0.7816028595	0.7494	3.0550	3.6541	0.8260	-2.868	-1.262	-1.747	-2.018	-2.470	-2.306	-2.656	-2.903	-3.193	-3.119	-3.460	-3.545	-3.761	0.4787	0.0000	15.9	1	-12.074	0.000	2.4121160507	3
	0.000150	10.1139	0.7816124558	0.7465	3.1028	3.6513	0.7654	-2.987	-1.327	-1.829	-2.106	-2.572	-2.403	-2.762	-3.014	-3.306	-3.233	-3.580	-3.667	-3.887	0.4787	0.0000	17.7	1	-11.947	0.000	2.4121196270	3
	0.000150	10.1139	0.7816214561	0.7432	3.1510	3.6485	0.7040	-3.108	-1.388	-1.909	-2.192	-2.673	-2.500	-2.868	-3.124	-3.420	-3.346	-3.701	-3.790	-4.012	0.4787	0.0000	19.7	1	-11.529	0.000	2.4121229649	3
	0.000150	10.1139	0.7816298008	0.7396	3.1986	3.6457	0.6431	-3.227	-1.446	-1.986	-2.275	-2.771	-2.593	-2.971	-3.233	-3.531	-3.457	-3.820	-3.910	-4.136	0.4787	0.0000	21.9	1	-11.118	0.000	2.4121260643	3
	0.000150	10.1139	0.7816376090	0.7356	3.2445	3.6430	0.5840	-3.341	-1.499	-2.059	-2.354	-2.865	-2.682	-3.070	-3.337	-3.638	-3.565	-3.934	-4.025	-4.255	0.4787	0.0000	24.4	1	-10.725	0.000	2.4121289253	3
	0.000150	10.1139	0.7816410065	0.7336	3.2636	3.6419	0.5594	-3.389	-1.522	-2.090	-2.388	-2.905	-2.720	-3.112	-3.381	-3.683	-3.609	-3.982	-4.074	-4.305	0.4787	0.0000	25.4	1	-10.563	0.000	2.4121301174	4
	0.000150	10.1139	0.7816410065	0.7207	1.6502	3.9419	3.3652	0.645	0.728	0.721	0.718	0.700	0.705	0.694	0.683	0.659	0.677	0.656	0.645	0.618	0.4787	0.0000	0.2	1	-12.135	0.000	2.4121301174	4
	0.000150	10.1139	0.7816435695	0.7207	1.6682	3.9321	3.3080	0.599	0.670	0.658	0.651	0.626	0.635	0.618	0.603	0.576	0.594	0.566	0.554	0.522	0.4787	0.0000	0.2	1	-12.135	0.000	2.4121310711	4
	0.000150	10.1139	0.7816869020	0.7208	1.6741	3.9297	3.2923	0.585	0.652	0.639	0.631	0.605	0.614	0.596	0.580	0.552	0.570	0.540	0.527	0.495	0.4787	0.0000	0.2	1	-12.134	0.000	2.4121470451	4
	0.000150	10.1139	0.7816929817	0.7208	1.6750	3.9293	3.2899	0.582	0.650	0.636	0.628	0.602	0.611	0.593	0.577	0.548	0.567	0.536	0.523	0.491	0.4787	0.0000	0.2	1	-12.134	0.000	2.4121494293	4
	0.000150	10.1139	0.7817416787	0.7208	1.6747	3.9299	3.2928	0.583	0.651	0.638	0.630	0.604	0.613	0.595	0.579	0.551	0.570	0.539	0.527	0.495	0.4787	0.0000	0.2	1	-12.134	0.000	2.4121673107	4
	0.000150	10.1139	0.7817909718	0.7209	1.6744	3.9305	3.2953	0.584	0.652	0.639	0.632	0.606	0.615	0.598	0.582	0.554	0.572	0.543	0.530	0.498	0.4787	0.0000	0.2	1	-12.134	0.000	2.4121854305	4
	0.000150	10.1139	0.7818406224	0.7209	1.6742	3.9308	3.2970	0.584	0.653	0.641	0.633	0.608	0.616	0.599	0.584	0.556	0.574	0.545	0.532	0.501	0.4787	0.0000	0.2	1	-12.133	0.000	2.4122037888	4
	0.000150	10.1139	0.7818915248	0.7210	1.6741	3.9309	3.2975	0.585	0.653	0.641	0.633	0.608	0.617	0.600	0.584	0.557	0.575	0.546	0.533	0.501	0.4787	0.0000	0.2	1	-12.133	0.000	2.4122226238	4
	0.000150	10.1139	0.7819387913	0.7210	1.6741	3.9308	3.2969	0.585	0.653	0.641	0.633	0.608	0.616	0.599	0.584	0.556	0.574	0.545	0.532	0.501	0.4787	0.0000	0.2	1	-12.132	0.000	2.4122400284	4
	0.000150	10.1139	0.7819899321	0.7211	1.6743	3.9302	3.2947	0.584	0.652	0.639	0.631	0.606	0.615	0.597	0.581	0.553	0.572	0.542	0.529	0.497	0.4787	0.0000	0.2	1	-12.132	0.000	2.4122588634	4
	0.000150	10.1139	0.7820425034	0.7211	1.6747	3.9294	3.2910	0.583	0.650	0.637	0.629	0.603	0.612	0.594	0.578	0.549	0.568	0.537	0.525	0.492	0.4787	0.0000	0.2	1	-12.132	0.000	2.4122781754	4
	0.000150	10.1139	0.7820897698	0.7212	1.6755	3.9282	3.2855	0.581	0.648	0.634	0.625	0.598	0.608	0.589	0.572	0.543	0.562	0.530	0.517	0.485	0.4787	0.0000	0.2	1	-12.131	0.000	2.4122955799	4
	0.000150	10.1139	0.7821394205	0.7212	1.6766	3.9265	3.2776	0.579	0.645	0.630	0.620	0.592	0.602	0.582	0.564	0.534	0.553	0.520	0.507	0.474	0.4787	0.0000	0.2	1	-12.131	0.000	2.4123139381	4
	0.000150	10.1139	0.7821893692	0.7213	1.6781	3.9242	3.2669	0.575	0.640	0.624	0.613	0.583	0.594	0.573	0.553	0.522	0.541	0.506	0.493	0.459	0.4787	0.0000	0.2	1	-12.130	0.000	2.4123322964	4
	0.000150	10.1139	0.7822366357	0.7214	1.6797	3.9217	3.2554	0.571	0.635	0.617	0.605	0.573	0.585	0.562	0.542	0.509	0.528	0.491	0.478	0.442	0.4787	0.0000	0.2	1	-12.130	0.000	2.4123497009	4
	0.000150	10.1139	0.7822835445	0.7214	1.6818	3.9187	3.2413	0.566	0.630	0.610	0.596	0.562	0.575	0.550	0.528	0.493	0.513	0.473	0.459	0.423	0.4787	0.0000	0.2	1	-12.130	0.000	2.4123671055	4
	0.000150	10.1139	0.7823314667	0.7215	1.6843	3.9151	3.2243	0.559	0.625	0.602	0.587	0.549	0.563	0.536	0.511	0.474	0.494	0.452	0.438	0.400	0.4787	0.0000	0.2	1	-12.129	0.000	2.4123847485	4
	0.000150	10.1139	0.7823818326	0.7215	1.6873	3.9107	3.2036	0.552	0.619	0.593	0.576	0.534	0.549	0.519	0.491	0.451	0.472	0.426	0.411	0.371	0.4787	0.0000	0.3	1	-12.129	0.000	2.4124031067	4
	0.000150	10.1139	0.7824293971	0.7216	1.6905	3.9061	3.1820	0.544	0.615	0.586	0.566	0.519	0.536	0.503	0.472	0.427	0.449	0.400	0.384	0.343	0.4787	0.0000	0.3	1	-12.129	0.000	2.4124207497	4
	0.000150	10.1139	0.7824771404	0.7216	1.6941	3.9008	3.1575	0.535	0.611	0.578	0.554	0.503	0.522	0.485	0.450	0.401	0.424	0.370	0.353	0.310	0.4787	0.0000	0.3	1	-12.128	0.000	2.4124381542	4
	0.000150	10.1139	0.7825263739	0.7217	1.6983	3.8948	3.1291	0.524	0.612	0.573	0.545	0.486	0.508	0.465	0.426	0.371	0.395	0.336	0.319	0.274	0.4787	0.0000	0.3	1	-12.128	0.000	2.4124562740	4
	0.000150	10.1139	0.7825767994	0.7217	1.7031	3.8879	3.0968	0.512	0.614	0.569	0.536	0.468	0.494	0.445	0.400	0.337	0.363	0.298	0.281	0.233	0.4787	0.0000	0.3	1	-12.128	0.000	2.4124748707	4
	0.000150	10.1139	0.7826238275	0.7218	1.7079	3.8811	3.0648	0.500	0.621	0.569	0.531	0.453	0.482	0.427	0.376	0.306	0.333	0.263	0.244	0.193	0.4787	0.0000	0.3	1	-12.127	0.000	2.4124922752	4
	0.000150	10.1139	0.7826282382	0.7218	1.7083	3.8804	3.0616	0.499	0.622	0.569	0.530	0.452	0.481	0.425	0.374	0.302	0.330	0.259	0.240	0.189	0.4787	0.0000	0.3	1	-12.127	0.000	2.4124939442	4
	0.000150	10.1139	0.7826715112	0.7218	1.7128	3.8741	3.0320	0.488	0.630	0.571	0.527	0.440	0.472	0.410	0.354	0.274	0.304	0.227	0.207	0.154	0.4787	0.0000	0.3	1	-12.127	0.000	2.4125096798	4
	0.000150	10.1139	0.7827191949	0.7219	1.7179	3.8669	2.9981	0.475	0.640	0.573	0.524	0.428	0.464	0.394	0.331	0.242	0.275	0.192	0.171	0.115	0.4787	0.0000	0.4	1	-12.127	0.000	2.4125273228	4
	0.000150	10.1139	0.7827694416	0.7219	1.7238	3.8585	2.9587	0.461	0.653	0.579	0.524	0.416	0.456	0.378	0.308	0.208	0.244	0.152	0.130	0.071	0.4787	0.0000	0.4	1	-12.127	0.000	2.4125456810	4
	0.000150	10.1139	0.7828162909	0.7220	1.7297	3.8500	2.9189	0.446	0.668	0.586	0.527	0.407	0.451	0.364	0.287	0.175	0.214	0.115	0.091	0.027	0.4787	0.0000	0.4	1	-12.126	0.000	2.4125630856	4
	0.000150	10.1139	0.7828655839	0.7220	1.7362	3.8410	2.8763	0.429	0.684	0.594	0.530	0.398	0.446	0.349	0.265	0.140	0.183	0.075	0.049	-0.018	0.4787	0.0000	0.4	1	-12.126	0.000	2.4125812054	4
	0.000150	10.1139	0.7829133272	0.7221	1.7428	3.8320	2.8339	0.413	0.702	0.603	0.533	0.389	0.441	0.335	0.243	0.107	0.154	0.037	0.009	-0.063	0.4787	0.0000	0.5	1	-12.126	0.000	2.4125986099	4
	0.000150	10.1139	0.7829613090	0.7221	1.7492	3.8236	2.7940	0.397	0.719	0.612	0.537	0.382	0.438	0.322	0.224	0.077	0.127	0.002	-0.028	-0.105	0.4787	0.0000	0.5	1	-12.126	0.000	2.4126162529	4
	0.000150	10.1139	0.7830080390	0.7222	1.7560	3.8148	2.7520	0.380	0.738	0.622	0.541	0.374	0.434	0.310	0.204	0.046	0.099	-0.034	-0.066	-0.148	0.4787	0.0000	0.6	1	-12.125	0.000	2.4126334190	4
	0.000150	10.1139	0.7830550671	0.7222	1.7630	3.8066	2.7120	0.363	0.756	0.631	0.544	0.366	0.430	0.297	0.184	0.017	0.073	-0.069	-0.103	-0.190	0.4787	0.0000	0.6	1	-12.125	0.000	2.4126508236	4
	0.000150	10.1139	0.7831072807	0.7223	1.7721	3.7963	2.6618	0.340	0.782	0.645	0.550	0.357	0.427	0.282	0.160	-0.019	0.039	-0.112	-0.148	-0.242	0.4787	0.0000	0.6	1	-12.125	0.000	2.4126698971	4
	0.000150	10.1139	0.7831590772	0.7224	1.7837	3.7860	2.6088	0.311	0.816	0.662	0.555	0.348	0.423	0.264	0.133	-0.061	-0.001	-0.159	-0.198	-0.299	0.4787	0.0000	0.7	1	-12.125	0.000	2.4126889706	4
	0.000150	10.1139	0.7832061052	0.7224	1.8002	3.7751	2.5492	0.270	0.838	0.668	0.549	0.327	0.409	0.236	0.095	-0.109	-0.051	-0.217	-0.259	-0.368	0.4787	0.0000	0.8	1	-12.125	0.000	2.4127061367	4
	0.000150	10.1139	0.7832402587	0.7224	1.8249	3.7644	2.4815	0.208	0.830	0.646	0.517	0.282	0.369	0.184	0.035	-0.175	-0.117	-0.297	-0.342	-0.459	0.4787	0.0000	0.9	1	-12.125	0.000	2.4127187729	4
	0.000150	10.1139	0.7832606435	0.7225	1.8542	3.7548	2.4136	0.134	0.806	0.607	0.471	0.224	0.314	0.119	-0.037	-0.255	-0.194	-0.385	-0.433	-0.557	0.4787	0.0000	1.0	1	-12.126	0.000	2.4127261639	4
	0.000150	10.1139	0.7832702398	0.7225	1.8855	3.7463	2.3485	0.056	0.772	0.561	0.418	0.159	0.254	0.050	-0.112	-0.338	-0.274	-0.475	-0.526	-0.656	0.4787	0.0000	1.1	1	-12.126	0.000	2.4127297401	4
	0.000150	10.1139	0.7832748890	0.7225	1.9194	3.7387	2.2841	-0.029	0.729	0.506	0.356	0.087	0.186	-0.027	-0.195	-0.426	-0.361	-0.571	-0.623	-0.760	0.4787	0.0000	1.2	1	-12.127	0.000	2.4127314091	4
	0.000150	10.1139	0.7832773924	0.7225	1.9572	3.7320	2.2195	-0.123	0.675	0.440	0.283	0.005	0.107	-0.114	-0.286	-0.522	-0.456	-0.674	-0.729	-0.871	0.4787	0.0000	1.4	1	-12.128	0.000	2.4127323627	4
	0.000150	10.1139	0.7832784057	0.7225	1.9848	3.7281	2.1763	-0.192	0.630	0.388	0.227	-0.057	0.047	-0.178	-0.353	-0.592	-0.525	-0.748	-0.804	-0.949	0.4787	0.0000	1.5	1	-12.128	0.000	2.4127328396	7
	0.000150	10.1139	0.7832784653	0.7225	1.9853	3.7280	2.1756	-0.193	0.629	0.387	0.226	-0.058	0.046	-0.179	-0.355	-0.593	-0.526	-0.749	-0.805	-0.951	0.4787	0.0000	1.5	1	-12.128	0.000	2.4127328396	7
	0.000150	10.1139	0.7832787037	0.7225	1.9957	3.7268	2.1604	-0.219	0.611	0.366	0.204	-0.082	0.023	-0.203	-0.380	-0.619	-0.552	-0.777	-0.833	-0.979	0.4787	0.0000	1.5	1	-12.129	0.000	2.4127328396	7
	0.000150	10.1139	0.7832795978	0.7225	2.0357	3.7227	2.1039	-0.319	0.538	0.285	0.118	-0.174	-0.066	-0.298	-0.477	-0.720	-0.652	-0.881	-0.939	-1.089	0.4787	0.0000	1.7	1	-12.130	0.000	2.4127333164	7
	0.000150	10.1139	0.7832804918	0.7225	2.0767	3.7190	2.0482	-0.422	0.460	0.199	0.028	-0.268	-0.159	-0.395	-0.577	-0.822	-0.753	-0.988	-1.047	-1.199	0.4787	0.0000	1.9	1	-12.131	0.000	2.4127335548	7
	0.000150	10.1139	0.7832813859	0.7225	2.1166	3.7158	1.9955	-0.521	0.384	0.116	-0.059	-0.361	-0.249	-0.490	-0.674	-0.921	-0.852	-1.091	-1.151	-1.306	0.4787	0.0000	2.0	1	-12.132	0.000	2.4127337933	7
	0.000150	10.1139	0.7832822204	0.7225	2.1537	3.7131	1.9474	-0.614	0.311	0.037	-0.142	-0.448	-0.334	-0.578	-0.766	-1.014	-0.945	-1.187	-1.248	-1.406	0.4787	0.0000	2.2	1	-12.133	0.000	2.4127342701	7
	0.000150	10.1139	0.7832836509	0.7225	2.1825	3.7112	1.9111	-0.686	0.253	-0.025	-0.206	-0.515	-0.401	-0.647	-0.836	-1.086	-1.016	-1.262	-1.323	-1.482	0.4787	0.0000	2.4	1	-12.134	0.000	2.4127347469	7
	0.000150	10.1139	0.7832862139	0.7225	2.1538	3.7134	1.9487	-0.615	0.308	0.035	-0.143	-0.449	-0.336	-0.579	-0.766	-1.015	-0.945	-1.187	-1.248	-1.405	0.4787	0.0000	2.2	1	-12.133	0.000	2.4127357006	7
	0.000150	10.1139	0.7833027244	0.7225	2.1335	3.7145	1.9733	-0.564	0.351	0.080	-0.097	-0.400	-0.288	-0.530	-0.716	-0.964	-0.894	-1.135	-1.195	-1.352	0.4787	0.0000	2.1	1	-12.132	0.000	2.4127416611	7
	0.000150	10.1139	0.7833182216	0.7225	2.1654	3.7119	1.9310	-0.643	0.291	0.014	-0.166	-0.474	-0.360	-0.606	-0.794	-1.043	-0.973	-1.218	-1.279	-1.438	0.4787	0.0000	2.3	1	-12.133	0.000	2.4127473831	7
	0.000150	10.1139	0.7833369970	0.7226	2.2120	3.7085	1.8710	-0.760	0.201	-0.084	-0.269	-0.583	-0.467	-0.716	-0.908	-1.159	-1.089	-1.338	-1.400	-1.562	0.4787	0.0000	2.5	1	-12.135	0.000	2.4127542973	7
	0.000150	10.1139	0.7833549380	0.7226	2.2532	3.7058	1.8187	-0.863	0.121	-0.172	-0.361	-0.679	-0.561	-0.815	-1.008	-1.262	-1.191	-1.443	-1.507	-1.671	0.4787	0.0000	2.8	1	-12.136	0.000	2.4127609730	7
	0.000150	10.1139	0.7833715081	0.7226	2.2944	3.7031	1.7671	-0.966	0.040	-0.260	-0.452	-0.775	-0.655	-0.913	-1.108	-1.364	-1.293	-1.549	-1.613	-1.779	0.4787	0.0000	3.0	1	-12.138	0.000	2.4127669334	7
	0.000150	10.1139	0.7833863497	0.7226	2.3354	3.7006	1.7160	-1.068	-0.041	-0.347	-0.544	-0.871	-0.750	-1.010	-1.208	-1.465	-1.394	-1.653	-1.719	-1.887	0.4787	0.0000	3.3	1	-12.140	0.000	2.4127724171	7
	0.000150	10.1139	0.7833995819	0.7226	2.3765	3.6982	1.6650	-1.171	-0.122	-0.435	-0.635	-0.967	-0.844	-1.108	-1.308	-1.567	-1.495	-1.758	-1.824	-1.995	0.4787	0.0000	3.6	1	-12.142	0.000	2.4127771854	7
	0.000150	10.1139	0.7834112048	0.7226	2.4174	3.6957	1.6144	-1.274	-0.202	-0.522	-0.726	-1.062	-0.937	-1.205	-1.407	-1.667	-1.595	-1.862	-1.929	-2.102	0.4787	0.0000	4.0	1	-12.145	0.000	2.4127814770	7
	0.000150	10.1139	0.7834214568	0.7226	2.4581	3.6934	1.5642	-1.375	-0.281	-0.608	-0.816	-1.156	-1.030	-1.301	-1.505	-1.767	-1.695	-1.965	-2.033	-2.208	0.4787	0.0000	4.3	1	-12.148	0.000	2.4127852917	7
	0.000150	10.1139	0.7834306955	0.7227	2.4989	3.6910	1.5140	-1.477	-0.360	-0.695	-0.906	-1.251	-1.123	-1.398	-1.604	-1.868	-1.794	-2.068	-2.137	-2.314	0.4787	0.0000	4.7	1	-12.151	0.000	2.4127886295	7
	0.000150	10.1139	0.7834390998	0.7227	2.5392	3.6887	1.4644	-1.578	-0.437	-0.779	-0.994	-1.344	-1.214	-1.492	-1.701	-1.966	-1.893	-2.170	-2.240	-2.419	0.4787	0.0000	5.1	1	-12.154	0.000	2.4127917290	7
	0.000150	10.1139	0.7834469080	0.7227	2.5794	3.6863	1.4149	-1.679	-0.512	-0.862	-1.081	-1.436	-1.304	-1.586	-1.797	-2.063	-1.990	-2.271	-2.342	-2.524	0.4787	0.0000	5.6	1	-12.158	0.000	2.4127945900	7
	0.000150	10.1139	0.7834541202	0.7227	2.6195	3.6840	1.3655	-1.779	-0.587	-0.945	-1.167	-1.527	-1.394	-1.680	-1.892	-2.161	-2.087	-2.372	-2.444	-2.628	0.4787	0.0000	6.1	1	-12.163	0.000	2.4127972126	7
	0.000150	10.1139	0.7834609151	0.7227	2.6595	3.6817	1.3160	-1.879	-0.661	-1.027	-1.253	-1.618	-1.483	-1.773	-1.988	-2.258	-2.185	-2.473	-2.546	-2.732	0.4787	0.0000	6.7	1	-12.168	0.000	2.4127998352	7
	0.000150	10.1139	0.7834674120	0.7227	2.6994	3.6793	1.2669	-1.979	-0.734	-1.108	-1.338	-1.709	-1.571	-1.866	-2.083	-2.354	-2.281	-2.573	-2.647	-2.836	0.4787	0.0000	7.2	1	-12.173	0.000	2.4128022194	7
	0.000150	10.1139	0.7834736705	0.7227	2.7395	3.6770	1.2174	-2.079	-0.806	-1.189	-1.422	-1.799	-1.659	-1.958	-2.177	-2.450	-2.377	-2.673	-2.748	-2.939	0.4787	0.0000	7.9	1	-12.179	0.000	2.4128043652	7
	0.000150	10.1139	0.7834795117	0.7227	2.7801	3.6746	1.1671	-2.180	-0.878	-1.270	-1.507	-1.890	-1.748	-2.051	-2.273	-2.548	-2.474	-2.774	-2.850	-3.044	0.4787	0.0000	8.6	1	-12.186	0.000	2.4128065109	7
	0.000150	10.1139	0.7834846973	0.7227	2.8214	3.6721	1.1159	-2.284	-0.951	-1.352	-1.593	-1.982	-1.839	-2.146	-2.370	-2.647	-2.573	-2.878	-2.955	-3.151	0.4787	0.0000	9.4	1	-12.194	0.000	2.4128084183	7
	0.000150	10.1139	0.7834889889	0.7227	2.8626	3.6696	1.0645	-2.387	-1.022	-1.433	-1.678	-2.073	-1.928	-2.240	-2.467	-2.745	-2.671	-2.980	-3.058	-3.257	0.4787	0.0000	10.3	1	-12.204	0.000	2.4128100872	7
	0.000150	10.1139	0.7834927440	0.7227	2.9043	3.6670	1.0127	-2.491	-1.093	-1.513	-1.762	-2.164	-2.017	-2.334	-2.563	-2.843	-2.769	-3.083	-3.163	-3.364	0.4787	0.0000	11.3	1	-12.214	0.000	2.4128115177	7
	0.000150	10.1139	0.7834960818	0.7227	2.9453	3.6644	0.9614	-2.593	-1.155	-1.588	-1.842	-2.254	-2.103	-2.426	-2.659	-2.941	-2.867	-3.187	-3.267	-3.471	0.4787	0.0000	12.4	1	-12.225	0.000	2.4128127098	7
	0.000150	10.1139	0.7834994793	0.7227	2.9874	3.6617	0.9085	-2.698	-1.215	-1.663	-1.922	-2.345	-2.190	-2.521	-2.758	-3.042	-2.968	-3.294	-3.375	-3.583	0.4787	0.0000	13.6	1	-12.238	0.000	2.4128139019	7
	0.000150	10.1139	0.7835026383	0.7227	3.0336	3.6588	0.8504	-2.814	-1.278	-1.743	-2.008	-2.444	-2.285	-2.624	-2.866	-3.152	-3.078	-3.410	-3.494	-3.704	0.4787	0.0000	15.1	1	-12.255	0.000	2.4128150940	7
	0.000150	10.1139	0.7835040092	0.7227	3.0616	3.6570	0.8153	-2.884	-1.315	-1.790	-2.059	-2.503	-2.341	-2.686	-2.930	-3.218	-3.145	-3.481	-3.565	-3.778	0.4787	0.0000	16.0	1	-12.266	0.000	2.4128155708	7
	0.000150	10.1139	0.7835044861	0.7227	3.0550	3.6574	0.8236	-2.867	-1.307	-1.779	-2.047	-2.489	-2.328	-2.671	-2.915	-3.203	-3.129	-3.464	-3.548	-3.760	0.4787	0.0000	15.8	1	-12.263	0.000	2.4128158092	7
	0.000150	10.1139	0.7835045457	0.7227	3.0383	3.6584	0.8443	-2.826	-1.284	-1.750	-2.016	-2.453	-2.294	-2.634	-2.876	-3.163	-3.090	-3.422	-3.506	-3.717	0.4787	0.0000	15.2	1	-12.257	0.000	2.4128158092	7
	0.000150	10.1139	0.7835046053	0.7227	3.0188	3.6597	0.8689	-2.777	-1.258	-1.717	-1.980	-2.412	-2.254	-2.591	-2.831	-3.117	-3.043	-3.373	-3.456	-3.665	0.4787	0.0000	14.6	1	-12.249	0.000	2.4128158092	7
	0.000150	10.1139	0.7835047245	0.7227	3.0221	3.6596	0.8654	-2.785	-1.265	-1.725	-1.988	-2.420	-2.262	-2.599	-2.840	-3.126	-3.052	-3.382	-3.464	-3.674	0.4787	0.0000	14.7	1	-12.250	0.000	2.4128158092	7
	0.000150	10.1139	0.7835048437	0.7227	3.0404	3.6585	0.8425	-2.831	-1.290	-1.756	-2.021	-2.459	-2.299	-2.640	-2.882	-3.169	-3.095	-3.428	-3.511	-3.722	0.4787	0.0000	15.3	1	-12.257	0.000	2.4128158092	7
	0.000150	10.1139	0.7835050225	0.7227	3.0719	3.6564	0.8026	-2.910	-1.329	-1.808	-2.078	-2.525	-2.362	-2.709	-2.954	-3.243	-3.169	-3.507	-3.591	-3.804	0.4787	0.0000	16.4	1	-12.270	0.000	2.4128160477	7
	0.000150	10.1139	0.7835052013	0.7227	3.1184	3.6532	0.7434	-3.026	-1.385	-1.883	-2.159	-2.621	-2.454	-2.810	-3.060	-3.352	-3.278	-3.623	-3.709	-3.926	0.4787	0.0000	18.2	1	-11.858	0.000	2.4128160477	7
	0.000150	10.1139	0.7835055590	0.7227	3.1756	3.6492	0.6700	-3.169	-1.449	-1.972	-2.256	-2.737	-2.564	-2.933	-3.190	-3.485	-3.412	-3.766	-3.854	-4.077	0.4787	0.0000	20.8	1	-11.348	0.000	2.4128160477	7
	0.000150	10.1139	0.7835061550	0.7227	3.2258	3.6455	0.6054	-3.294	-1.499	-2.046	-2.337	-2.837	-2.657	-3.038	-3.301	-3.600	-3.527	-3.890	-3.980	-4.207	0.4787	0.0000	23.3	1	-10.905	0.000	2.4128162861	7
	0.000150	10.1139	0.7835064530	0.7227	3.2314	3.6452	0.5983	-3.308	-1.505	-2.054	-2.346	-2.848	-2.668	-3.050	-3.314	-3.613	-3.539	-3.904	-3.994	-4.221	0.4787	0.5275	23.6	1	-10.856	0.000	2.4128165245	7
	0.000150	10.1139	0.7835064530	0.7227	3.2314	3.6451	0.5982	-3.308	-1.505	-2.054	-2.346	-2.848	-2.668	-3.050	-3.313	-3.613	-3.539	-3.904	-3.994	-4.221	0.4787	0.5238	23.6	1	-10.855	0.000	2.4128165245	8
	0.000150	10.1139	0.7835064530	0.8111	3.2560	3.6425	0.6131	-3.370	-1.531	-2.089	-2.383	-2.892	-2.710	-3.097	-3.363	-3.664	-3.590	-3.960	-4.051	-4.282	0.4365	0.5252	23.7	1	-10.785	-0.068	2.4128165245	8
	0.000150	10.1139	0.7835066319	0.8069	3.2594	3.6422	0.6062	-3.378	-1.532	-2.092	-2.387	-2.898	-2.715	-3.104	-3.370	-3.671	-3.598	-3.969	-4.060	-4.291	0.4365	0.5254	24.0	1	-10.738	-0.068	2.4128165245	8
	0.000150	10.1139	0.7835068107	0.8027	3.2628	3.6419	0.5992	-3.387	-1.533	-2.095	-2.391	-2.904	-2.721	-3.110	-3.377	-3.679	-3.605	-3.977	-4.069	-4.300	0.4365	0.5255	24.2	1	-10.692	-0.068	2.4128165245	8
	0.000150	10.1139	0.7835069895	0.7985	3.2662	3.6415	0.5922	-3.395	-1.534	-2.099	-2.395	-2.910	-2.726	-3.117	-3.385	-3.686	-3.613	-3.986	-4.077	-4.309	0.4365	0.5256	24.5	1	-10.648	-0.068	2.4128167629	8
	0.000150	10.1139	0.7835071683	0.7943	3.2695	3.6412	0.5853	-3.404	-1.535	-2.102	-2.399	-2.916	-2.732	-3.123	-3.392	-3.694	-3.620	-3.994	-4.086	-4.318	0.4365	0.5257	24.8	1	-10.604	-0.068	2.4128167629	8
	0.000150	10.1139	0.7835073471	0.7901	3.2729	3.6409	0.5783	-3.412	-1.536	-2.105	-2.403	-2.922	-2.737	-3.130	-3.399	-3.701	-3.628	-4.003	-4.094	-4.327	0.4365	0.5258	25.1	1	-10.562	-0.068	2.4128167629	8
	0.000150	10.1139	0.7835075259	0.7859	3.2763	3.6406	0.5713	-3.421	-1.537	-2.109	-2.408	-2.928	-2.742	-3.136	-3.406	-3.709	-3.636	-4.011	-4.103	-4.336	0.4365	0.5260	25.4	1	-10.521	-0.068	2.4128167629	8
	0.000150	10.1139	0.7835077047	0.7817	3.2797	3.6402	0.5643	-3.429	-1.538	-2.112	-2.412	-2.934	-2.748	-3.143	-3.413	-3.716	-3.643	-4.019	-4.112	-4.345	0.4365	0.5261	25.6	1	-10.481	-0.068	2.4128170013	8
	0.000150	10.1139	0.7835078835	0.7775	3.2831	3.6399	0.5573	-3.438	-1.538	-2.115	-2.416	-2.940	-2.753	-3.149	-3.420	-3.724	-3.651	-4.028	-4.120	-4.354	0.4365	0.5262	25.9	1	-10.441	-0.068	2.4128170013	8
	0.000150	10.1139	0.7835080624	0.7733	3.2864	3.6396	0.5502	-3.446	-1.539	-2.118	-2.419	-2.945	-2.758	-3.156	-3.427	-3.731	-3.658	-4.036	-4.129	-4.363	0.4365	0.5263	26.2	1	-10.402	-0.068	2.4128170013	8
	0.000150	10.1139	0.7835082412	0.7691	3.2898	3.6393	0.5432	-3.455	-1.539	-2.121	-2.423	-2.951	-2.763	-3.162	-3.434	-3.738	-3.665	-4.044	-4.137	-4.372	0.4365	0.5265	26.5	1	-10.364	-0.069	2.4128172398	8
	0.000150	10.1139	0.7835084200	0.7649	3.2932	3.6389	0.5361	-3.463	-1.539	-2.124	-2.426	-2.956	-2.768	-3.168	-3.441	-3.745	-3.672	-4.052	-4.145	-4.380	0.4365	0.5266	26.8	1	-10.326	-0.069	2.4128172398	8
	0.000150	10.1139	0.7835085988	0.7606	3.2966	3.6386	0.5291	-3.471	-1.540	-2.127	-2.430	-2.962	-2.773	-3.174	-3.448	-3.753	-3.679	-4.061	-4.154	-4.389	0.4365	0.5267	27.1	1	-10.288	-0.069	2.4128172398	8
	0.000150	10.1139	0.7835087776	0.7564	3.2999	3.6383	0.5220	-3.480	-1.540	-2.129	-2.433	-2.968	-2.778	-3.181	-3.455	-3.760	-3.687	-4.069	-4.162	-4.398	0.4365	0.5268	27.4	1	-10.251	-0.069	2.4128172398	8
	0.000150	10.1139	0.7835088968	0.7522	3.3033	3.6380	0.5149	-3.488	-1.540	-2.132	-2.437	-2.973	-2.782	-3.187	-3.462	-3.767	-3.694	-4.077	-4.171	-4.407	0.4365	0.5269	27.7	1	-10.214	-0.069	2.4128174782	8
	0.000150	10.1139	0.7835090756	0.7480	3.3067	3.6376	0.5078	-3.497	-1.540	-2.135	-2.440	-2.979	-2.787	-3.193	-3.469	-3.774	-3.701	-4.085	-4.179	-4.416	0.4365	0.5271	28.1	1	-10.177	-0.069	2.4128174782	8
	0.000150	10.1139	0.7835092545	0.7438	3.3101	3.6373	0.5006	-3.505	-1.540	-2.138	-2.444	-2.984	-2.792	-3.199	-3.475	-3.781	-3.708	-4.093	-4.188	-4.425	0.4365	0.5272	28.4	1	-10.141	-0.069	2.4128174782	8
	0.000150	10.1139	0.7835094333	0.7396	3.3135	3.6370	0.4935	-3.514	-1.541	-2.140	-2.447	-2.989	-2.797	-3.205	-3.482	-3.788	-3.715	-4.101	-4.196	-4.433	0.4365	0.5273	28.7	1	-10.104	-0.069	2.4128174782	8
	0.000150	10.1139	0.7835096121	0.7354	3.3168	3.6367	0.4863	-3.522	-1.541	-2.143	-2.450	-2.995	-2.802	-3.211	-3.489	-3.795	-3.722	-4.109	-4.204	-4.442	0.4365	0.5274	29.0	1	-10.067	-0.069	2.4128177166	8
	0.000150	10.1139	0.7835097909	0.7312	3.3202	3.6363	0.4792	-3.531	-1.542	-2.146	-2.454	-3.000	-2.806	-3.217	-3.495	-3.802	-3.729	-4.117	-4.212	-4.451	0.4365	0.5276	29.4	1	-10.031	-0.069	2.4128177166	8
	0.000150	10.1139	0.7835099697	0.7270	3.3236	3.6360	0.4720	-3.539	-1.543	-2.149	-2.457	-3.005	-2.811	-3.223	-3.502	-3.809	-3.736	-4.125	-4.220	-4.459	0.4365	0.5277	29.7	1	-9.994	-0.069	2.4128177166	8
	0.000150	10.1139	0.7835101485	0.7228	3.3270	3.6357	0.4648	-3.547	-1.543	-2.152	-2.461	-3.010	-2.816	-3.229	-3.508	-3.816	-3.743	-4.133	-4.228	-4.468	0.4365	0.5278	30.1	1	-9.957	-0.069	2.4128177166	8
	0.000150	10.1139	0.7835103273	0.7186	3.3304	3.6354	0.4576	-3.556	-1.544	-2.155	-2.464	-3.016	-2.820	-3.235	-3.515	-3.823	-3.750	-4.141	-4.236	-4.476	0.4365	0.5279	30.4	1	-9.920	-0.070	2.4128179550	8
	0.000150	10.1139	0.7835105062	0.7144	3.3337	3.6350	0.4503	-3.564	-1.544	-2.157	-2.467	-3.021	-2.825	-3.241	-3.521	-3.829	-3.757	-4.149	-4.245	-4.485	0.4365	0.5280	30.8	1	-9.882	-0.070	2.4128179550	8
	0.000150	10.1139	0.7835106850	0.7102	3.3371	3.6347	0.4431	-3.573	-1.545	-2.160	-2.471	-3.026	-2.830	-3.247	-3.528	-3.836	-3.763	-4.157	-4.253	-4.494	0.4365	0.5282	31.1	1	-9.845	-0.070	2.4128179550	8
	0.000150	10.1139	0.7835108638	0.7060	3.3405	3.6344	0.4358	-3.581	-1.545	-2.163	-2.474	-3.031	-2.834	-3.253	-3.534	-3.843	-3.770	-4.165	-4.261	-4.502	0.4365	0.5283	31.5	1	-9.807	-0.070	2.4128181934	8
	0.000150	10.1139	0.7835110426	0.7018	3.3439	3.6341	0.4286	-3.590	-1.546	-2.166	-2.477	-3.036	-2.839	-3.259	-3.541	-3.850	-3.777	-4.173	-4.269	-4.511	0.4365	0.5284	31.9	1	-9.768	-0.070	2.4128181934	8
	0.000150	10.1139	0.7835112214	0.6954	3.3466	3.6352	0.4265	-3.597	-1.572	-2.187	-2.498	-3.052	-2.856	-3.273	-3.554	-3.862	-3.789	-4.182	-4.278	-4.519	0.4365	0.5285	31.9	1	-9.770	-0.070	2.4128181934	8
	0.000150	10.1139	0.7835114002	0.6891	3.3493	3.6364	0.4244	-3.603	-1.598	-2.208	-2.518	-3.068	-2.873	-3.287	-3.567	-3.874	-3.802	-4.192	-4.287	-4.526	0.4365	0.5287	32.0	1	-9.773	-0.070	2.4128181934	8
	0.000150	10.1139	0.7835115790	0.6828	3.3521	3.6375	0.4223	-3.610	-1.625	-2.230	-2.538	-3.084	-2.890	-3.302	-3.580	-3.887	-3.814	-4.201	-4.296	-4.534	0.4365	0.5288	32.0	1	-9.776	-0.070	2.4128184319	8
	0.000150	10.1139	0.7835118175	0.6765	3.3548	3.6387	0.4201	-3.617	-1.651	-2.251	-2.559	-3.100	-2.908	-3.316	-3.593	-3.899	-3.826	-4.211	-4.305	-4.541	0.4365	0.5290	32.0	1	-9.778	-0.070	2.4128184319	8
	0.000150	10.1139	0.7835119963	0.6702	3.3575	3.6398	0.4179	-3.624	-1.678	-2.273	-2.579	-3.116	-2.925	-3.330	-3.606	-3.911	-3.838	-4.220	-4.314	-4.549	0.4365	0.5291	32.1	1	-9.781	-0.070	2.4128184319	8
	0.000150	10.1139	0.7835121751	0.6638	3.3602	3.6409	0.4156	-3.631	-1.703	-2.293	-2.598	-3.130	-2.941	-3.344	-3.618	-3.922	-3.850	-4.229	-4.322	-4.556	0.4365	0.5293	32.1	1	-9.783	-0.070	2.4128186703	8
	0.000150	10.1139	0.7835123539	0.6575	3.3629	3.6421	0.4133	-3.637	-1.728	-2.313	-2.616	-3.145	-2.957	-3.357	-3.630	-3.934	-3.861	-4.238	-4.330	-4.563	0.4365	0.5294	32.2	1	-9.785	-0.070	2.4128186703	8
	0.000150	10.1139	0.7835125327	0.6512	3.3657	3.6432	0.4110	-3.644	-1.753	-2.333	-2.635	-3.160	-2.972	-3.370	-3.641	-3.945	-3.872	-4.247	-4.338	-4.570	0.4365	0.5296	32.3	1	-9.787	-0.070	2.4128186703	8
	0.000150	10.1139	0.7835127115	0.6449	3.3684	3.6444	0.4086	-3.651	-1.778	-2.353	-2.654	-3.174	-2.988	-3.383	-3.653	-3.956	-3.883	-4.255	-4.347	-4.576	0.4365	0.5297	32.3	1	-9.789	-0.070	2.4128186703	8
	0.000150	10.1139	0.7835129499	0.6385	3.3711	3.6455	0.4062	-3.658	-1.803	-2.373	-2.672	-3.189	-3.004	-3.397	-3.665	-3.967	-3.895	-4.264	-4.355	-4.583	0.4365	0.5298	32.4	1	-9.791	-0.070	2.4128189087	8
	0.000150	10.1139	0.7835131288	0.6322	3.3738	3.6467	0.4038	-3.665	-1.828	-2.393	-2.691	-3.204	-3.020	-3.410	-3.677	-3.978	-3.906	-4.273	-4.363	-4.590	0.4365	0.5300	32.4	1	-9.793	-0.070	2.4128189087	8
	0.000150	10.1139	0.7835133076	0.6259	3.3766	3.6478	0.4013	-3.671	-1.853	-2.413	-2.710	-3.219	-3.036	-3.423	-3.689	-3.989	-3.917	-4.282	-4.371	-4.597	0.4365	0.5301	32.5	1	-9.795	-0.070	2.4128189087	8
	0.000150	10.1139	0.7835134864	0.6196	3.3793	3.6490	0.3987	-3.678	-1.878	-2.433	-2.728	-3.233	-3.052	-3.437	-3.701	-4.000	-3.928	-4.290	-4.380	-4.604	0.4365	0.5303	32.6	1	-9.797	-0.070	2.4128191471	8
	0.000150	10.1139	0.7835136652	0.6133	3.3820	3.6501	0.3961	-3.685	-1.903	-2.453	-2.747	-3.248	-3.068	-3.450	-3.713	-4.011	-3.939	-4.299	-4.388	-4.611	0.4365	0.5304	32.6	1	-9.798	-0.070	2.4128191471	8
	0.000150	10.1139	0.7835138440	0.6069	3.3847	3.6513	0.3935	-3.692	-1.927	-2.473	-2.765	-3.262	-3.083	-3.462	-3.724	-4.022	-3.950	-4.307	-4.396	-4.617	0.4365	0.5306	32.7	1	-9.799	-0.070	2.4128191471	8
	0.000150	10.1139	0.7835140228	0.6006	3.3875	3.6524	0.3908	-3.699	-1.952	-2.492	-2.783	-3.276	-3.098	-3.475	-3.736	-4.032	-3.960	-4.316	-4.403	-4.624	0.4365	0.5307	32.8	1	-9.801	-0.070	2.4128191471	8
	0.000150	10.1139	0.7835142612	0.5943	3.3902	3.6536	0.3881	-3.705	-1.976	-2.512	-2.800	-3.290	-3.113	-3.488	-3.747	-4.043	-3.971	-4.324	-4.411	-4.630	0.4365	0.5309	32.8	1	-9.802	-0.070	2.4128193855	8
	0.000150	10.1139	0.7835144401	0.5880	3.3929	3.6547	0.3853	-3.712	-2.000	-2.531	-2.818	-3.304	-3.129	-3.500	-3.758	-4.053	-3.982	-4.332	-4.419	-4.636	0.4365	0.5310	32.9	1	-9.803	-0.070	2.4128193855	8
	0.000150	10.1139	0.7835146189	0.5817	3.3956	3.6559	0.3825	-3.719	-2.025	-2.551	-2.836	-3.318	-3.144	-3.513	-3.770	-4.063	-3.992	-4.340	-4.426	-4.643	0.4365	0.5311	33.0	1	-9.804	-0.070	2.4128193855	8
	0.000150	10.1139	0.7835147977	0.5753	3.3983	3.6570	0.3796	-3.726	-2.049	-2.570	-2.854	-3.332	-3.159	-3.525	-3.781	-4.074	-4.003	-4.349	-4.434	-4.649	0.4365	0.5313	33.1	1	-9.804	-0.070	2.4128196239	8
	0.000150	10.1139	0.7835149765	0.5690	3.4011	3.6582	0.3767	-3.733	-2.074	-2.590	-2.871	-3.347	-3.174	-3.538	-3.793	-4.084	-4.013	-4.357	-4.442	-4.656	0.4365	0.5314	33.1	1	-9.805	-0.070	2.4128196239	8
	0.000150	10.1139	0.7835151553	0.5627	3.4038	3.6593	0.3737	-3.739	-2.098	-2.609	-2.889	-3.361	-3.190	-3.551	-3.804	-4.095	-4.024	-4.365	-4.449	-4.662	0.4365	0.5316	33.2	1	-9.805	-0.070	2.4128196239	8
	0.000150	10.1139	0.7835153937	0.5564	3.4065	3.6604	0.3706	-3.746	-2.122	-2.629	-2.907	-3.375	-3.205	-3.563	-3.815	-4.105	-4.034	-4.373	-4.457	-4.668	0.4365	0.5317	33.3	1	-9.806	-0.070	2.4128198624	8
	0.000150	10.1139	0.7835155725	0.5500	3.4092	3.6616	0.3675	-3.753	-2.146	-2.647	-2.924	-3.388	-3.219	-3.575	-3.826	-4.115	-4.044	-4.381	-4.464	-4.674	0.4365	0.5319	33.4	1	-9.806	-0.070	2.4128198624	8
	0.000150	10.1139	0.7835157514	0.5437	3.4120	3.6627	0.3644	-3.760	-2.170	-2.666	-2.941	-3.402	-3.234	-3.587	-3.837	-4.125	-4.054	-4.389	-4.471	-4.680	0.4365	0.5320	33.5	1	-9.806	-0.070	2.4128198624	8
	0.000150	10.1139	0.7835159302	0.5374	3.4147	3.6639	0.3612	-3.767	-2.193	-2.685	-2.958	-3.415	-3.249	-3.599	-3.847	-4.134	-4.064	-4.396	-4.479	-4.686	0.4365	0.5322	33.6	1	-9.806	-0.070	2.4128198624	8
